20.61
20.29
19.65
19.31
19.55
20.95
25.32
23.09
25.56
34.62
37.59
29.66
30.46
34.34
33.63
57.62
60.38
97.03
46.93
79.4
31.87
30.99
27.34
23.4
21.54
21.88
20.46
19.62
19.67
22.3
29.17
24.77
22.06
28.12
43.54
63.93
31.38
35.93
26.26
33.5
41.59
44.51
51.59
51.5
35.41
36.65
28.14
22.68
25.28
21.54
21
20.15
20.42
21.71
24.19
24.85
27.07
30.57
47.8
32.78
52.92
26.36
35.92
48.31
39.23
60.03
64.53
33.52
38.94
28.61
26.52
25.27
21.83
20.77
19.58
18.97
18.92
19.48
19.59
21.05
20.94
24.79
31.1
29.29
23.93
28.67
28.8
30.36
42.41
81.04
41.76
33.31
33.84
31.59
24.33
23.52
22.27
20.77
19.74
18.78
17.14
16.25
16.23
18.34
20.03
25.5
29.16
31.19
40.39
31.2
28.79
37.29
61.33
40.52
37.82
37.47
34.83
38.14
29.95
26.09
22.82
21.46
19.71
19.5
19.3
19.97
21.64
22.61
27.56
30.12
28.4
32.76
47.68
40.76
36.56
40.91
46.91
60.07
49.41
34.67
33.39
33.68
27.58
28.09
23.95
21.85
21.13
20
20.09
22.08
28.61
29.69
23.92
32.39
29.92
33.16
38.26
37.22
41.37
40.59
48.27
37.63
36.79
34.77
36.04
28.47
26.53
24.62
23.25
22.68
21.57
20.92
20.79
23.49
28.6
26.53
25.08
27.55
31.52
35.24
32.67
41.15
38.15
54.01
62.66
50.29
42.86
49.01
48.61
30.83
27.36
28.12
26.64
25.05
22.85
21.96
22.12
23.61
25.94
24.97
24.83
30.43
27.98
34.23
31.66
35.68
49.52
50.24
53.21
43.78
37.03
33.34
33.82
30.81
20.97
24.83
22.24
21.61
20.38
19.83
19.99
20.88
22.02
23.65
26.41
31.95
36.86
36.8
36.03
36.17
49.36
39.24
43.11
61.35
35.39
34.79
33.32
32.14
27.58
27.31
25.36
23.32
22.43
20.91
21.08
21.41
22.34
24.25
25.32
28.2
29.45
33.23
67.87
33.3
29.94
45.62
32.6
28.31
35.25
30.48
31.11
32.52
25.31
23.19
20.71
20.8
19.98
19.14
19.01
18.74
19.2
19.53
20.17
21.5
25.92
52.89
34.56
58.92
37.46
40.15
43.98
20.61
20.29
19.65
19.31
19.55
20.95
25.32
23.09
25.56
34.62
37.59
29.66
30.46
34.34
33.63
57.62
60.38
97.03
46.93
79.4
31.87
30.99
27.34
23.4
21.54
21.88
20.46
19.62
19.67
22.3
29.17
24.77
22.06
28.12
43.54
63.93
31.38
35.93
26.26
33.5
41.59
44.51
51.59
51.5
35.41
36.65
28.14
22.68
25.28
21.54
21
20.15
20.42
21.71
24.19
24.85
27.07
30.57
47.8
32.78
52.92
26.36
35.92
48.31
39.23
60.03
64.53
33.52
38.94
28.61
26.52
25.27
21.83
20.77
19.58
18.97
18.92
19.48
19.59
21.05
20.94
24.79
31.1
29.29
23.93
28.67
28.8
30.36
42.41
81.04
41.76
33.31
33.84
31.59
24.33
23.52
22.27
20.77
19.74
18.78
17.14
16.25
16.23
18.34
20.03
25.5
29.16
31.19
40.39
31.2
28.79
37.29
61.33
40.52
37.82
37.47
34.83
38.14
29.95
26.09
22.82
21.46
19.71
19.5
19.3
19.97
21.64
22.61
27.56
30.12
28.4
32.76
47.68
40.76
36.56
40.91
46.91
60.07
49.41
34.67
33.39
33.68
27.58
28.09
23.95
21.85
21.13
20
20.09
22.08
28.61
29.69
23.92
32.39
29.92
33.16
38.26
37.22
41.37
40.59
48.27
37.63
36.79
34.77
36.04
28.47
26.53
24.62
23.25
22.68
21.57
20.92
20.79
23.49
28.6
26.53
25.08
27.55
31.52
35.24
32.67
41.15
38.15
54.01
62.66
50.29
42.86
49.01
48.61
30.83
27.36
28.12
26.64
25.05
22.85
21.96
22.12
23.61
25.94
24.97
24.83
30.43
27.98
34.23
31.66
35.68
49.52
50.24
53.21
43.78
37.03
33.34
33.82
30.81
20.97
24.83
22.24
21.61
20.38
19.83
19.99
20.88
22.02
23.65
26.41
31.95
36.86
36.8
36.03
36.17
49.36
39.24
43.11
61.35
35.39
34.79
33.32
32.14
27.58
27.31
25.36
23.32
22.43
20.91
21.08
21.41
22.34
24.25
25.32
28.2
29.45
33.23
67.87
33.3
29.94
45.62
32.6
28.31
35.25
30.48
31.11
32.52
25.31
23.19
20.71
20.8
19.98
19.14
19.01
18.74
19.2
19.53
20.17
21.5
25.92
52.89
34.56
58.92
37.46
40.15
43.98
20.67
20.35
19.72
19.39
19.63
21.01
25.41
23.19
25.67
34.75
37.72
29.69
30.45
34.31
33.57
57.34
59.37
89.94
44.52
77.45
30.15
30.96
27.36
23.47
21.57
21.9
20.48
19.65
19.71
22.33
29.24
24.86
22.18
28.21
43.26
63.48
31.33
35.57
26.24
34.14
41.9
44.93
51.3
51.2
35.24
36.78
28.17
22.72
25.31
21.57
21.04
20.2
20.47
21.75
24.27
24.96
27.16
30.64
47.94
32.76
52.86
25.69
35.46
48.58
39.5
60.27
64.78
33.66
39.04
28.71
26.61
25.4
21.97
20.9
19.7
19.07
19.02
19.58
19.69
21.16
21
24.81
31.1
29.27
23.97
28.65
28.69
30.16
42.18
80.85
41.82
33.44
33.89
31.66
24.35
23.52
22.27
20.8
19.77
18.82
17.18
16.26
16.24
18.34
20.03
25.48
29.14
31.13
40.28
34.33
37.72
37.05
60.93
40.26
37.59
37.4
34.94
38.02
29.9
26.07
22.82
21.46
19.73
19.53
19.34
20.01
21.67
22.7
27.66
30.24
28.55
32.77
47.59
40.57
36.41
40.61
46.63
57.34
48.7
34.48
33.25
33.65
30.81
28.1
23.97
21.88
21.16
20.04
20.14
22.12
28.68
29.78
24.02
32.69
30.01
33.24
38.28
37.15
41.2
40.34
47.04
37.2
36.6
34.71
28.2
29.45
33.23
67.87
33.3
29.94
45.62
32.6
28.31
35.25
30.48
31.11
32.52
25.31
23.19
20.71
20.8
19.98
19.14
19.01
18.74
19.2
19.53
20.17