20.8
21.07
21.27
21.44
21.47
24.47
39.7
49.45
30.74
32.88
25.96
25.07
13.75
22.12
21.92
20.21
10.87
22.31
27.25
26.08
28.94
29.23
25.27
23.85
24.34
24.52
25.24
25.49
31.79
28.99
30.83
35.4
28.22
31.23
27.66
23.64
22.1
22.69
19.78
22.52
28.32
35.65
24.08
40.67
29.76
30.31
23.41
21.78
23.93
21.81
22.63
22.58
21.59
21.09
25.03
23.7
27.87
25.18
22.12
20.99
21.37
21.21
20.57
20.27
23.08
32.5
30.16
27.6
23.7
21.24
20.8
20.74
19.85
19.85
20.11
20.89
22.47
24.46
67.75
27.92
28.64
21.96
23.37
25
20.08
22.08
20.85
19.95
24.97
47.93
27.55
26.83
25.49
21.43
20.46
18.91
19.84
19.52
18.36
17.47
17.83
15.05
19.57
21.63
20.38
20.97
21.14
24.46
24.44
25.31
23.56
22.32
22.86
56.41
49.33
33.78
29.74
26.72
21.83
20.14
20.1
20.11
19.84
20.33
20.46
18.21
22.42
25.3
36.18
27.24
26.75
24.99
21.39
22.53
22.77
22.57
32.31
66.7
25.23
28.61
33.22
23.91
22.57
22.97
21.04
20.74
21.05
21.25
21.5
21.93
23.13
36.44
22.22
23.02
23.29
28.42
24.33
27.9
26.17
25.86
29.13
72.24
49.92
31.64
61.84
45.37
27.2
23.84
24
23.41
22.98
25.36
24.54
26.27
40.76
42.28
39.82
63.08
37.83
35.8
31.47
32.45
31.26
31.97
45.48
38.42
30.74
36.74
30.17
29.98
26.24
30.08
29.52
25.86
25.73
26.5
26.26
27.95
28.1
29.36
34.74
47.41
36.44
41.47
30.47
33.43
27.96
28.68
36.59
39.85
27.07
29.12
28.58
31.09
29.98
26.15
26.9
24.68
24.24
23.83
24.11
24.56
25.17
25.43
26.14
26.02
26.02
25.85
26.21
26.2
25.92
25.44
42.89
38.36
35.41
34.41
30.2
29.62
25.72
24.03
23.91
23.75
23.43
23.3
20.05
21.93
22.04
25.57
25.57
27.19
25.43
25.98
24.56
24.01
25.9
25.55
35.88
39.45
39.74
35.07
26.68
27.73
23.34
20.7
21.69
20.59
20.48
21.19
22.02
21.31
26.97
29.4
33.93
27.96
27.66
26.73
27.08
27.49
27.2
26.58
38.2
53.72
36.48
37.53
39.78
40.39
34.95
20.8
21.07
21.27
21.44
21.47
24.47
39.7
49.45
30.74
32.88
25.96
25.07
13.75
22.12
21.92
20.21
10.87
22.31
27.25
26.08
28.94
29.23
25.27
23.85
24.34
24.52
25.24
25.49
31.79
28.99
30.83
35.4
28.22
31.23
27.66
23.64
22.1
22.69
19.78
22.52
28.32
35.65
24.08
40.67
29.76
30.31
23.41
21.78
23.93
21.81
22.63
22.58
21.59
21.09
25.03
23.7
27.87
25.18
22.12
20.99
21.37
21.21
20.57
20.27
23.08
32.5
30.16
27.6
23.7
21.24
20.8
20.74
19.85
19.85
20.11
20.89
22.47
24.46
67.75
27.92
28.64
21.96
23.37
25
20.08
22.08
20.85
19.95
24.97
47.93
27.55
26.83
25.49
21.43
20.46
18.91
19.84
19.52
18.36
17.47
17.83
15.05
19.57
21.63
20.38
20.97
21.14
24.46
24.44
25.31
23.56
22.32
22.86
56.41
49.33
33.78
29.74
26.72
21.83
20.14
20.1
20.11
19.84
20.33
20.46
18.21
22.42
25.3
36.18
27.24
26.75
24.99
21.39
22.53
22.77
22.57
32.31
66.7
25.23
28.61
33.22
23.91
22.57
22.97
21.04
20.74
21.05
21.25
21.5
21.93
23.13
36.44
22.22
23.02
23.29
28.42
24.33
27.9
26.17
25.86
29.13
72.24
49.92
31.64
61.84
45.37
27.2
23.84
24
23.41
22.98
25.36
24.54
26.27
40.76
42.28
39.82
63.08
37.83
35.8
31.47
32.45
31.26
31.97
45.48
38.42
30.74
36.74
30.17
29.98
26.24
30.08
29.52
25.86
25.73
26.5
26.26
27.95
28.1
29.36
34.74
47.41
36.44
41.47
30.47
33.43
27.96
28.68
36.59
39.85
27.07
29.12
28.58
31.09
29.98
26.15
26.9
24.68
24.24
23.83
24.11
24.56
25.17
25.43
26.14
26.02
26.02
25.85
26.21
26.2
25.92
25.44
42.89
38.36
35.41
34.41
30.2
29.62
25.72
24.03
23.91
23.75
23.43
23.3
20.05
21.93
22.04
25.57
25.57
27.19
25.43
25.98
24.56
24.01
25.9
25.55
35.88
39.45
39.74
35.07
26.68
27.73
23.34
20.7
21.69
20.59
20.48
21.19
22.02
21.31
26.97
29.4
33.93
27.96
27.66
26.73
27.08
27.49
27.2
26.58
38.2
53.72
36.48
37.53
39.78
40.39
34.95
20.96
21.25
21.44
21.6
21.63
24.65
40.03
49.87
30.99
33.13
26.15
25.25
14.1
22.36
22.07
20.42
11.59
22.6
27.49
26.33
29.17
29.44
25.48
24.05
24.53
24.69
25.42
25.67
32
29.19
31.06
35.6
28.34
31.32
27.74
23.72
22.17
22.77
19.72
22.59
28.19
35.38
23.94
40
29.51
30.45
23.53
21.89
24.07
21.95
22.77
22.72
21.72
21.22
25.2
23.86
28.05
25.32
22.22
21.09
21.43
21.25
20.65
20.35
23.19
32.67
30.29
27.73
23.83
21.37
20.94
20.89
19.99
20
20.24
21.03
22.63
24.67
68.45
28.42
28.97
22.2
23.62
25.22
20.12
22.12
20.88
19.98
25.03
47.98
27.55
26.82
25.49
21.45
20.53
19.01
19.92
19.58
18.45
17.55
17.91
15.13
19.65
21.71
20.45
21.03
21.22
24.56
24.53
25.41
23.66
22.41
22.92
56.47
49.353
191.05
231.56
132.72
272.88
161.37
98.35
96.92
84.37
44.48
104.28
122.52
125.21
82.55
97.38
97.75
212.35
225.12
212
214.83
182.27
149.01
85.66
112.35
195.22
180.53
345.57
173.59
121.94
171.74
200.86
182.29
169.5
122.36
133.51
136.59
149.81
97.32
132.2
130.48
168.51
172.27
213.41
147.75
198.65
135.18
58.65
109.52
111.19
197.96
163.12
190.98
206.57
314.55
249
132.61