19.32
19.22
18.23
17.04
16.89
18.48
19.92
26.83
23.52
27.15
28.15
33.34
32.08
30.16
47.56
85
106.21
29.88
31.16
26.12
44.55
66.69
30.83
22.56
22.52
25.28
22.08
20.15
19.76
20.21
19.65
23.73
23.05
43.4
55.99
53.85
25.17
101.61
98.54
99.7
27.4
35.54
29.81
25.94
26.94
48.94
30.37
26.18
24.71
27.4
20.56
18.96
18.3
17.51
15.95
17.2
42.31
19.48
18.63
16.29
16.65
15
15.67
13.65
10.55
12.41
14.43
15.92
19.78
19.57
20.65
18
17.32
16.84
15.78
14.43
16.19
17.97
18.79
20.3
21.24
19.49
23.76
18.59
18.96
18.09
17.85
18.05
19.31
21.63
20.57
23.04
17.88
18.95
18.55
18.61
18
17.04
16.76
13.52
15.72
17.21
18.65
20.82
21.04
17.96
18.78
17.51
36
18.11
19.2
23.75
19.94
20.33
20.58
24.72
17.47
18.33
19.04
19.16
19.32
18.57
17.96
17.32
17.58
18.16
19.2
21.09
20.78
19.64
17.92
17.82
16.66
20.51
23.51
23.56
18.11
17.78
17.33
20.07
24.33
20.23
19.78
18.69
18.82
17.34
14.62
14.53
16.13
17.38
18.86
19.64
19.53
23.23
22.71
24.63
28.67
29.02
27.62
33.15
35.37
29.24
24.47
22.44
18.15
23.24
23.3
20.01
18.37
18.09
17.28
16.9
17.52
18.42
19.3
19.99
19.57
18.83
22.11
21.49
29.44
31.13
32.54
37.39
31.14
33.06
26.71
28.89
29.08
24.87
26.61
22.38
23.54
21.59
19.57
19.3
19.06
19.45
20.54
21.85
23.71
23.93
26.9
27.9
30.81
30.04
94.74
41.95
49.61
29.13
27.99
26.36
24.91
26.8
22.81
22.71
20.39
20.85
19.12
18.46
17.57
17.23
17.86
18.14
17.99
19.39
19.08
17.87
17.91
17.56
16.53
16.21
17.46
16.31
16.13
16.41
16.01
15.59
15.49
18.38
17.15
15.96
15.28
15.07
-2.8
15.78
18.89
20.38
19.37
19.4
19.82
20.34
18.9
20.7
18.29
18.91
19.83
21.05
21.67
20.76
19.49
18.32
17.87
15.47
16.7
15.57
15.07
14.52
12.98
14.57
16.8
18.39
18.37
18.78
21.62
19.36
18.76
18.5
18.15
23.18
27.89
19.32
19.22
18.23
17.04
16.89
18.48
19.92
26.83
23.52
27.15
28.15
33.34
32.08
30.16
47.56
85
106.21
29.88
31.16
26.12
44.55
66.69
30.83
22.56
22.52
25.28
22.08
20.15
19.76
20.21
19.65
23.73
23.05
43.4
55.99
53.85
25.17
101.61
98.54
99.7
27.4
35.54
29.81
25.94
26.94
48.94
30.37
26.18
24.71
27.4
20.56
18.96
18.3
17.51
15.95
17.2
42.31
19.48
18.63
16.29
16.65
15
15.67
13.65
10.55
12.41
14.43
15.92
19.78
19.57
20.65
18
17.32
16.84
15.78
14.43
16.19
17.97
18.79
20.3
21.24
19.49
23.76
18.59
18.96
18.09
17.85
18.05
19.31
21.63
20.57
23.04
17.88
18.95
18.55
18.61
18
17.04
16.76
13.52
15.72
17.21
18.65
20.82
21.04
17.96
18.78
17.51
36
18.11
19.2
23.75
19.94
20.33
20.58
24.72
17.47
18.33
19.04
19.16
19.32
18.57
17.96
17.32
17.58
18.16
19.2
21.09
20.78
19.64
17.92
17.82
16.66
20.51
23.51
23.56
18.11
17.78
17.33
20.07
24.33
20.23
19.78
18.69
18.82
17.34
14.62
14.53
16.13
17.38
18.86
19.64
19.53
23.23
22.71
24.63
28.67
29.02
27.62
33.15
35.37
29.24
24.47
22.44
18.15
23.24
23.3
20.01
18.37
18.09
17.28
16.9
17.52
18.42
19.3
19.99
19.57
18.83
22.11
21.49
29.44
31.13
32.54
37.39
31.14
33.06
26.71
28.89
29.08
24.87
26.61
22.38
23.54
21.59
19.57
19.3
19.06
19.45
20.54
21.85
23.71
23.93
26.9
27.9
30.81
30.04
94.74
41.95
49.61
29.13
27.99
26.36
24.91
26.8
22.81
22.71
20.39
20.85
19.12
18.46
17.57
17.23
17.86
18.14
17.99
19.39
19.08
17.87
17.91
17.56
16.53
16.21
17.46
16.31
16.13
16.41
16.01
15.59
15.49
18.38
17.15
15.96
15.28
15.07
-2.8
15.78
18.89
20.38
19.37
19.4
19.82
20.34
18.9
20.7
18.29
18.91
19.83
21.05
21.67
20.76
19.49
18.32
17.87
15.47
16.7
15.57
15.07
14.52
12.98
14.57
16.8
18.39
18.37
18.78
21.62
19.36
18.76
18.5
18.15
23.18
27.89
19.44
19.32
18.34
17.15
17.01
18.6
20.04
26.97
23.65
27.29
28.29
33.55
32.13
30.02
47.42
85.15
106.29
29.87
31.08
25.81
44.15
65.62
30.78
22.65
22.63
25.39
22.19
20.25
19.84
20.31
19.75
23.79
23.1
43.49
55.54
53.23
24.47
100.8
98.24
98.8
26.57
35.1
29.51
25.13
26.86
48.63
30.06
26.05
24.71
27.42
20.57
18.98
18.34
17.55
15.98
17.22
42.34
19.5
18.7
16.41
16.96
15.23
15.78
13.73
10.59
12.45
14.43
15.94
19.78
19.58
20.65
18
17.33
16.87
15.82
14.45
16.21
18.01
18.83
20.34
21.29
19.53
23.82
18.65
19.02
18.15
17.92
18.15
19.43
21.7
20.65
23.23
17.94
19
18.63
18.67
18.05
17.07
16.78
13.53
15.74
17.23
18.68
20.86
21.08
17.99
18.83
17.57
36.34
18.14
19.24
23.84
20.01
20.39
20.65
24.8
17.53
18.42
19.11
19.23
19.38
18.64
18.04
17.4
17.65
18.23
19.28
21.15
20.84
19.66
17.89
17.77
16.63
20.51
23.52
23.56
18.02
17.64
17.13
19.97
85.15
106.29
29.87
31.08
25.81
44.15
65.62
30.78
22.65
22.63
25.39
22.19
20.25
19.84
20.31
19.75
23.79
23.1
43.49
55.54
53.23
24.47
100.8
98.24
98.8
26.57
35.1
29.51
25.13
26.86
48.63
15.78
18.89
20.38
19.37
19.4
19.82
20.34
18.9
20.7
18.29
18.91
19.83
21.05
21.67
20.76
19.49
18.32
17.87
15.47