24.9
19.45
18.1
18.67
19.01
17.64
26.14
24.75
19.73
23.02
22.56
21.87
21.18
19.78
18.71
20.71
21.36
22.75
29.8
55.79
25.96
19.32
19.09
19.78
17.96
16.96
15.75
15.18
14.64
5.54
15.63
19.21
18.78
20.41
22.98
33.31
26.2
29.71
22.43
20.64
22.1
21.95
36.18
24.27
17.8
18.82
19.69
21.89
30.51
38.39
32.23
30.15
26.48
23.74
21.03
19.79
20.05
19.89
18.96
17.69
17.35
17.56
17.85
18.26
19.69
25.27
36.24
26.99
24.91
26.54
28.63
23.94
24.78
20.79
19.47
19.55
20.1
18.46
17.1
18.29
23.78
23.12
22.36
18.76
19.01
17.78
16.79
16.82
17.03
20.32
29.21
34.18
47.98
38.21
28.32
21.23
19.15
17.79
17.65
17.32
18.37
18.33
22.34
19.48
18.95
17.4
20.72
22.33
20.83
21.78
18.33
18.01
22.42
27.27
45.04
27.71
35.43
32.02
31.79
25.5
20.54
20.77
19.52
18.77
18.96
21.89
28.66
24.36
19.76
17.96
16.82
17.26
15.01
14.24
14.75
15.64
16.53
18.89
19.87
21.44
20.46
18.89
16.99
19.84
21.85
17.04
16.14
16.38
16.61
15.1
16.18
16.31
21.65
27.74
29.59
60.22
32.67
31.92
24.27
22.91
21.82
21.35
23.4
24.73
19.87
19.25
23.36
27.47
25.48
25.19
25.67
25.09
24.54
21.27
28.84
21.89
22.22
20.53
23.04
23.91
33.24
26.03
24.09
23.37
22.12
24.81
27.06
53.79
66.41
26.9
31.29
42.56
29.26
37.38
30.75
29.61
27.96
23.49
58.27
30.01
28.58
30.82
31.49
34.14
27.58
24.15
21.83
19.96
21.18
24.67
34.67
23.67
32.24
20.87
23.77
23.15
24.92
27.33
24.23
26.28
38.99
33.05
51.06
36.01
31.88
23.38
20.41
21.39
21.27
20.55
20.07
19.75
19.61
20.56
31.97
28.31
20.08
19.46
19.05
28.74
26.84
26.85
25.39
21.84
19.87
22.41
31.59
26.79
24.1
23.27
19.18
18.51
18.08
18.74
18.5
18.35
17.88
20.55
53.4
32.11
30.55
23.53
23.96
24.4
23.92
25.12
24.97
22.18
27.14
123.69
165.53
27.61
34.82
36.21
29.59
111.04
40.16
34.05
28.48
24.9
19.45
18.1
18.67
19.01
17.64
26.14
24.75
19.73
23.02
22.56
21.87
21.18
19.78
18.71
20.71
21.36
22.75
29.8
55.79
25.96
19.32
19.09
19.78
17.96
16.96
15.75
15.18
14.64
5.54
15.63
19.21
18.78
20.41
22.98
33.31
26.2
29.71
22.43
20.64
22.1
21.95
36.18
24.27
17.8
18.82
19.69
21.89
30.51
38.39
32.23
30.15
26.48
23.74
21.03
19.79
20.05
19.89
18.96
17.69
17.35
17.56
17.85
18.26
19.69
25.27
36.24
26.99
24.91
26.54
28.63
23.94
24.78
20.79
19.47
19.55
20.1
18.46
17.1
18.29
23.78
23.12
22.36
18.76
19.01
17.78
16.79
16.82
17.03
20.32
29.21
34.18
47.98
38.21
28.32
21.23
19.15
17.79
17.65
17.32
18.37
18.33
22.34
19.48
18.95
17.4
20.72
22.33
20.83
21.78
18.33
18.01
22.42
27.27
45.04
27.71
35.43
32.02
31.79
25.5
20.54
20.77
19.52
18.77
18.96
21.89
28.66
24.36
19.76
17.96
16.82
17.26
15.01
14.24
14.75
15.64
16.53
18.89
19.87
21.44
20.46
18.89
16.99
19.84
21.85
17.04
16.14
16.38
16.61
15.1
16.18
16.31
21.65
27.74
29.59
60.22
32.67
31.92
24.27
22.91
21.82
21.35
23.4
24.73
19.87
19.25
23.36
27.47
25.48
25.19
25.67
25.09
24.54
21.27
28.84
21.89
22.22
20.53
23.04
23.91
33.24
26.03
24.09
23.37
22.12
24.81
27.06
53.79
66.41
26.9
31.29
42.56
29.26
37.38
30.75
29.61
27.96
23.49
58.27
30.01
28.58
30.82
31.49
34.14
27.58
24.15
21.83
19.96
21.18
24.67
34.67
23.67
32.24
20.87
23.77
23.15
24.92
27.33
24.23
26.28
38.99
33.05
51.06
36.01
31.88
23.38
20.41
21.39
21.27
20.55
20.07
19.75
19.61
20.56
31.97
28.31
20.08
19.46
19.05
28.74
26.84
26.85
25.39
21.84
19.87
22.41
31.59
26.79
24.1
23.27
19.18
18.51
18.08
18.74
18.5
18.35
17.88
20.55
53.4
32.11
30.55
23.53
23.96
24.4
23.92
25.12
24.97
22.18
27.14
123.69
165.53
27.61
34.82
36.21
29.59
111.04
40.16
34.05
28.48
24.92
19.48
18.12
18.68
19.04
17.69
26.17
24.76
19.73
23.01
22.56
21.88
21.18
19.77
18.72
20.74
21.36
22.74
29.87
55.8
25.92
19.32
19.12
19.81
18.06
17
15.81
15.21
14.65
5.56
15.78
19.29
18.8
20.37
22.94
33.28
26.19
29.71
22.42
20.66
22.11
21.95
36.16
24.26
17.84
18.87
19.75
21.93
30.51
38.35
32.17
30.08
26.44
23.72
21.06
19.8
20.02
19.85
18.91
17.66
17.33
17.55
17.83
18.23
19.63
25.18
36.11
26.95
24.87
26.5
28.59
23.92
24.79
20.78
19.52
19.65
20.21
18.57
17.34
18.46
23.86
23.12
22.38
18.75
19.06
17.8
16.81
16.85
17.05
20.31
29.19
34.09
47.93
38.11
28.27
21.2
19.16
17.85
17.71
17.4
18.46
18.43
22.65
19.5
18.99
17.43
20.8
22.33
20.86
21.82
18.39
18.1
22.49
27.29
45.03
27.68
35.41
32.01
31.8
25.57
20.59
20.8
19.56
18.84
19.03
22.01
28.73
24.34
19.72
17.98
16.92
17.35
15.11
14.35
14.9
16.12
16.64
18.98
19.89
21.48
20.56
18.91
17.06
19.92
21.92
17.09
16.21
16.43
16.67
15.22
16.6
16.44
21.77
27.76
29.58
60.28
32.66
31.93
24.29
22.93
21.87
28.23
23.43