29.58
28.67
27.14
27.97
28.58
34.2
44.24
57.49
46.31
51.99
66.44
51.51
54.08
38.3
36.16
33.17
39.23
128.14
287.25
110.34
60.66
69.79
47.65
41.54
43.88
33.9
41.09
35.92
34.16
33.28
35.43
87.62
50.13
43.26
81.93
73.79
58.86
45.51
33.81
30.73
34.54
110.19
274.1
105.33
113.72
52.04
75.22
38.45
40.12
37.29
36.66
30.21
30.96
47.29
40.86
55.27
57.74
64.3
65.91
66.1
62.86
64.07
62.59
64.36
83.6
122.96
106.23
88.08
79.92
77.52
72.89
58.25
123.63
59.72
59.76
71.7
85.48
55.61
86.49
102.24
117.78
92.7
86.77
152
102.91
109.5
94.98
81.2
70.93
83.57
108.09
116.42
94.88
111.18
117.24
83.57
139.68
117.34
80.06
67.14
50.1
58.32
59.6
66.6
154.84
108.36
67.97
77.25
73.78
61.16
47.69
40.93
42.29
50.54
50.2
56.19
119.81
93.46
93.37
54.12
50.2
104.95
150.38
112.1
39.97
45.14
63.94
36.77
45.43
38.85
45.59
33.14
28.68
25.78
25.64
26.6
24.54
30.51
61.9
35.57
25.9
34.38
30.29
25.87
22.84
23.58
22.34
11.66
20.17
11.22
5.92
12.68
21.51
23.33
23.11
24.33
24.79
23.69
23.92
24.28
24.25
65.98
34.72
28.46
25.07
24.73
23.1
21.13
19.48
19.67
20.43
20.21
19.69
20.9
23.52
29.4
36.98
31.08
73.24
82.11
29.76
34.02
28.01
27.7
27.21
37.76
44.36
31.22
31.38
28.73
28.02
23.06
23.12
22.75
23.68
23.84
23.4
23.78
22.84
27.66
30.15
31.46
57.09
57.28
57.21
54.91
47.17
35.22
36.47
56.78
53.68
265.86
252.83
326.12
246.08
153.06
236.63
378.01
601.41
527
528.28
514.28
240.33
81.83
81.9
32.39
22.78
22.36
22.55
22.67
23.34
22.73
25.04
31.76
28.99
31.44
25.91
24.74
22.82
21.8
29.42
29.12
27.32
27.87
28.47
33.86
43.33
56.17
44.69
50.21
63.62
48.52
50.4
36.16
34.34
31.51
36.98
118.4
255.82
99.97
56.94
66.59
45.75
40.53
43.75
34.16
42
37.42
36.28
35.89
39.63
97.5
56.71
50.8
89.18
78.71
63.36
48.64
36.14
32.78
37.32
122.29
289.97
116.27
121.46
53.78
77.85
40.12
42.59
39.66
39.05
33.82
32.8
51.38
43.4
57.48
58.35
64.62
66.48
65.94
61.89
62.51
61.15
62.76
79.98
113.08
98.09
84.33
76.8
74.19
70.14
55.82
117.71
55.92
55.23
65.34
79.3
51.83
80.67
93.28
104.42
82.35
78.8
132.23
91.64
99.2
84.37
73.05
64.69
77.25
98.08
103.69
85.81
97.84
103.97
74.74
126.27
106.85
73.14
61.82
47.35
55.75
55.39
61.84
135.26
99.45
63.37
71.38
67.61
56.55
43.95
38.27
39.14
46.96
46.62
54.29
118.49
91.02
91.73
53.68
51.37
106.72
157.57
117.32
41.05
46.32
67.6
38.08
48.09
41.03
48.3
35.36
30.41
27.1
26.7
27.69
25.52
31.78
66.75
38.22
27.44
33.5
33.13
28.17
23.78
24.71
23.04
10.85
20.94
11.22
5.36
12.54
22.02
24.71
24.17
25.39
25.74
24.26
24.35
24.7
24.69
67.44
35.68
29.29
25.96
25.78
24.15
22.21
20.55
20.84
21.61
21.39
20.85
22.12
24.38
30.46
38.18
32.25
76.51
80.66
29.89
33.46
27.76
27.64
27.4
38.01
44.87
31.65
32.23
30.06
33.33
23.84
23.84
23.23
24.37
24.42
23.96
24.32
22.72
24.75
31.66
33.19
66.58
70.92
70.9
68.46
57.96
41.28
42.42
68.08
62.44
114.04
111.88
109.54
109.1
106.79
105.12
103.76
99.88
93.85
95.26
103.2
104.55
106.4
107.04
37.92
24.22
23.7
23.68
23.67
24.1
23.27
25.09
31.52
28.32
30.97
25.87
24.77
22.76
21.82
29.43
29.04
27.29
27.89
28.54
34.05
43.76
56.36
44.74
50.12
63.4
48.59
50.44
36.22
34.5
31.75
37.29
119.83
259.81
101.3
55.78
67.2
46.43
40.98
43.88
34.14
41.78
37.04
35.77
35.25
38.85
95.6
55.85
49.76
86.99
76.53
61.66
47.33
35.27
32.13
36.49
106.49
281.73
113.79
119.15
53.02
77.03
39.71
42.13
39.29
38.72
33.61
32.21
50.88
42.95
56.87
58.04
64.36
65.93
65.46
61.7
62.58
61.39
63.29
80.69
113.27
98.32
84.9
77.38
74.72
70.87
56.42
119.49
56.9
56.14
66.12
80.75
52.59
79.9
94
104.37
82.63
78.94
130.97
91.75
99.48
84.83
73.55
65.04
77.15
97.39
103.26
86.27
96.23
104.64
75.78
127.56
108.01
73.9
62.48
47.58
55.92
55.63
61.86
134.25
99.34
63.23
71.25
67.7
56.54
43.87
38.49
39.33
46.94
46.12
53.22
115.69
88.88
89.78
52.66
51.04
105.22
155.72
116.21
40.31
45.36
66.67
36.7
46.44
39.42
47.31
34.65
29.63
26.34
26.02
26.98
24.93
31.03
65.6
37.01
26.78
32.05
31.78
26.97
23.37
24.38
22.78
10.86
20.81
11.19
5.39
12.47
21.87
24.29
23.83
24.99
25.34
23.96
24.1
24.45
24.39
66.42
35.09
28.8
25.55
25.3
23.73
21.84
20.23
20.5
21.31
21.11
20.55
21.83
24.19
30.06
37.53
31.6
74.72
77.36
29.37
32.93
27.28
27.3
26.95
37.29
43.87
30.97
31.5
29.34
26.69
23.27