28.88
27.73
26.42
27.31
27.64
33.05
42.88
56.02
45.29
50.91
65.5
50.77
53.67
37.82
35.68
32.7
38.71
126.52
286.88
108.65
59.58
68.34
46.39
40.47
42.77
33.07
40.2
35.07
33.15
32.12
33.27
82.76
46.67
38.78
79.1
73.91
58.95
45.7
33.79
30.61
34.29
100.46
272.2
104.23
94.6
46.96
71.26
35.93
36.14
31
30.93
26.39
31.14
40.33
36.94
54.02
57.68
64.35
65.74
66.17
63.08
64.45
62.9
64.5
84.71
127.94
109.4
88.26
80.07
77.97
73.17
58.32
122.92
59.64
60.27
73.65
86.09
56.31
87.71
102.55
117.97
93.54
87.5
157.22
105.88
110.8
96.74
82.72
72.76
85.92
112.44
119.1
95.63
111.87
123
85.4
143.12
118.94
81.35
67.96
50.69
58.97
60.93
67.87
164.98
111.69
69.8
79.35
75.1
61.5
48.19
40.78
42.11
50.21
50.29
55.52
117.47
92.76
93.36
53.29
48.68
102.23
127.06
92.6
37.64
43.56
54.24
35.83
41.95
37.57
39.45
28.39
26.51
21.25
22.49
21.27
20.92
24.89
43.72
22.83
23.46
23.49
22.32
18.11
21.64
22.18
19
9.51
18.56
10.53
5.49
11.99
20.58
22.26
22.48
23.76
24.25
23.19
23.46
23.78
23.74
64.59
33.77
27.61
24.38
24.21
22.63
20.6
18.92
19.18
19.96
19.74
19.25
20.41
22.9
28.59
35.48
29.71
70.08
82.73
29.09
33.58
27.58
27.2
26.61
36.92
43.01
30.29
30.41
27.83
21.37
22.31
16.77
18.89
20.33
19.98
18.92
19.19
19.05
22.12
22.56
17.84
20.92
11.33
10.92
10.6
12.45
16.65
15.12
9.06
17.26
-14.79
-18.37
-27.56
-19.31
-14.46
29.72
31.86
28.66
28.3
29.37
36.37
47.34
62.12
51.52
57.51
71.48
54.21
55.67
39.6
37.27
33.52
40.51
128.62
285.6
113.43
63.46
72.72
48.94
42.47
48.14
39.9
47.66
42.56
40.78
39.89
42.58
96.81
58.37
50.31
87.23
76.35
61.18
47.36
35.92
33.87
45.13
106.46
276.34
108.85
103.33
52.31
73.77
37.01
38.69
33.66
35.75
30.89
32.88
44.27
42.38
54.74
54.48
60.16
61.94
62.1
59.18
60.33
59.06
60.61
79.21
118.93
101.63
82.12
74.76
72.76
68.27
54.81
116.29
56.54
57.09
69.78
84.53
54.78
87.94
121.35
120.31
93.82
86.1
148.11
98.58
103.58
90.09
76.7
67.02
79.02
103.53
110.53
88.56
103.93
112.94
78.29
132.64
111.05
76.12
63.73
47.53
55.32
56.32
62.06
150.72
102.23
63.73
73.4
70.31
58.21
45.85
38.62
39.97
47.81
48.15
53.68
114.88
90.72
91.11
52.34
48.36
101.35
129.42
94.82
37.74
43.43
55.28
35.66
41.99
37.32
39.52
28.49
26.39
18.29
20.64
17.63
18.34
20.55
35.72
14.81
21.77
14.47
18.19
13.27
20.79
19.37
16.49
7.48
16.97
9.85
4.86
11.29
19.64
21.21
21.71
23.16
23.71
22.45
22.69
23.11
22.95
62.37
32.84
26.96
23.61
23.52
22
20.12
18.68
19.03
19.77
19.58
19.13
20.2
22.49
28.05
35.3
30.03
71.06
84.33
29.16
33.5
27.77
26.95
26.36
36.41
42.66
30.05
30.18
27.62
19.43
21.54
11.82
15.74
17.7
16.98
15.51
15.7
15.82
16.15
21.42
14.08
26.67
22.15
18.84
20.27
25.75
25.06
20.67
4.99
17.79
7.65
14.21
14.39
14.68
8.55
12.28
11.92
10.49
6.76
7.61
11.73
15.23
20.64
20.82
19.91
17.37
19.16
20.58
21.5
22.22
21.66
23.87
30.22
27.36
29.99
24.83
23.61
21.52
20.35
27.36
26.97
25.78
26.71
27.35
32.84
42.79
55.85
44.77
50.21
64.12
50.14
54.02
37.63
35.43
32.45
38.37
125.59
289.69
106.43
58.1
66.74
45.2
40.14
43.19
33.64
40.92
35.35
32.98
32.21
31.32
76.5
40.02
30.32
69.06
64.72
51.52
40.57
36.77
47.05
35.04
108.05
249.29
93.91
64.35
36.83
59.74
30.62
30.19
23.45
24.18
20.07
27.7
30.22
25.08
44.7
48.91
54.69
56.38
57.03
54.76
56
55.05
56.51
75.85
122.67
101.91
75.1
68.55
67.68
62.98
51.58
109.67
55.03
57.05
72.7
79.28
51.6
83.23
120.49
179.24
129.1
104.65
254.49
138.95
151.11
131.69
99.35
67.6
77.63
111.17
164.38
118.46
147.16
123.17
82.81
136.98
113.63
77.94
64.34
46.28
53.08
55.89
60.02
166.84
102.54
62.18
74.08
71.62
58.58
46.97
39.86
40.9
47.72
49.64
52.86
110.5
90.48
92.17
51.62
46.28
97.01
121.61
89.15
36.32
41.84
51.84
34.02
39.08
34.8
36.43
26.35
25.01
18.03
20.21
17.37
17.65
19.87
33.62
14.05
20.03
12.24
16.45
12.22
18.67
11.37
14.14
7.84
14.33
9.36
5
10.53
18.04
19.16
20
21.91
22.58
21.41
21.84
22.28
21.9
58.87
30.86
25.51
22.26
22.35
20.96
18.98
17.76
17.95
18.66
18.65
18.36
19.24
21.24
26.3
33.37
28.7
66.8
81.88
28.43
33.64
27.25
26.37
25.58
35.18
40.76
28.68
28.7
25.95
18.42
20.56
12.31
15.41
17
16.53
15.3
15.27
15.17
16.17
16.53
9.17
18.47
17.24
16.81
17.64
17.63
17.79
14.55
7.03
16.43
8.81
13.36
13.83
13.97
7.61
12.67
14.03
14.28
10.48
11.32
15.05
16.33
20.16
20.24
18.67
16.5
18.19
19.49
20.63
21.6
21.13
23.51
30.11
27.13
29.73
24.38
22.86
20.38
19.1
27.54
26.99
25.76
26.77
27.55
33.16
43.25
56.7
45.82
51.61
66.12
51.42
55.79
38.27
35.99
32.94
38.98
129.54
306.13
109.74
59.15
67.65
46.39
40.59
42.74
32.98
39.9
34.69
32.72
31.49
31.54
77.17
41.66
33.57
71.54
65.16
51.07
39.78
25.66
15.35
14.98
71.82
220.74
81.22
58.02
35.72
59.17
29.18