16.43
19.76
19.62
19.23
19.41
20.64
21.53
22.42
22.32
22.45
22.14
21.91
21.28
21
20.97
21.57
22.62
23.07
24.28
42.87
34.15
24.78
23.01
21.46
21.44
21.49
21.68
23.05
24.07
26.77
42.51
36.15
42.88
88.86
72.62
40.04
42.02
35.74
36.07
37.41
36.89
37.77
34.03
52.41
43.01
29.96
24.62
23.23
24.85
23.76
23.26
22.9
22.7
24.28
30.73
29.91
38.36
39.75
33.86
50.23
37.02
53.09
37.33
44.42
157.05
47.68
25.65
27.7
25.18
26.37
24.22
22.16
22.26
23.16
23.06
22.88
23.18
26.14
32.85
29.97
36.81
56.99
56.74
31.17
37.9
27.79
27.62
28.31
26.91
27.15
28.96
52.2
59.2
35.52
24.78
23.91
25.29
25.36
25.51
25.21
28.11
37.55
81.9
44.76
30.02
29.25
28.55
28.74
26.4
26.65
26.37
26.42
27.52
35.56
31.43
51.83
57.55
33.85
26.71
25.76
26.49
17.27
20.96
21.92
23.27
49
30.07
30.2
33.53
31.52
30.74
27.16
28.19
28.9
25.41
27.97
25.44
27.75
26.97
53.21
56
33.13
33.23
25.11
44.35
23.98
24.32
26.6
25.39
28.41
26.89
32.31
43.44
43.84
44.84
34
30.1
28.04
26.17
28.45
28.63
27.22
26.72
37.5
44.58
39.09
30.3
27.97
29.73
31.19
31.07
30.99
41.32
30.2
46.32
44.14
44.6
39.87
29.36
33.5
30.94
33.07
26.17
28.59
29.13
30.62
34.29
58.04
32.5
36.15
57.71
24.83
29.37
29.69
27.09
30.69
30.57
31.17
369.87
67.82
41.27
36.65
30.48
29.95
41.76
35.65
29.69
29.53
30.83
36.34
33.17
46.01
41.79
39.58
34.85
25.75
23.28
23.75
23.9
26.68
25.92
26.44
28.25
30.69
29.42
26.86
27.21
34.68
26.48
25.89
23.66
23.61
25.26
26.1
26.15
32.81
29.77
23.88
22.64
21.8
11.53
17.22
16.9
16.42
16.8
19.21
20.48
21.37
21.32
21.51
21.3
21.04
20.33
19.88
19.66
20.46
21.45
21.9
23.22
41.41
32.94
23.98
22.18
20.53
20.27
20.31
20.51
21.91
23.01
25.74
41.52
35.59
41.46
66.53
54.54
30.24
31.42
26.82
26.81
27.69
28.16
30.09
29.25
42.26
33.27
27.82
21.85
20.39
23.23
22.34
21.86
21.4
20.55
21.92
28.49
28.29
34.44
28.57
7.68
10.83
12.26
-2.57
-2.79
6.32
15.69
15.79
12.6
19.03
20.78
19.34
17.18
19.05
18.58
17.97
18.29
19
20.56
21.99
26.01
-11.28
-5.95
56.52
62.65
30.97
29.22
24.83
24.05
23.68
22.76
23.1
23.92
48.43
54.76
28.35
23.18
21.56
21.83
22.52
22.89
22.76
24.94
29.99
72.46
42.69
28.56
27.43
26.69
26.37
24.37
24.89
24.24
22.53
21
22.01
21.39
31.72
32.89
20.59
15.19
15.16
8
3.31
11.64
7.73
9
-3.36
17.97
13.96
17.84
16.7
16.37
13.79
16.53
15.78
8.69
13.11
8.48
13.76
19.35
37.96
48.68
29.39
14.89
15.55
33.84
21.84
22.58
23.13
23.86
26.75
29.75
31.27
42.55
41.46
41.55
32.08
28.54
26.22
24.4
26.19
26.5
25.39
24.74
34.45
41.77
37
28.49
25.53
25.77
27.61
26.64
26.82
32.82
22.91
33.88
31.23
32.56
30.45
22.41
24.39
22.44
24.06
20.11
21.76
23.29
27.68
28.7
48.15
30.25
34.03
54.14
23.11
27.44
28.04
25.84
29.26
29.08
29.73
355.81
55.89
37.04
32.86
25.4
24.47
36.93
26.36
25.44
24.59
26.78
31.81
29.03
36.72
36.51
33.94
27.07
22.58
21.79
22.59
22.91
25.57
23.98
25.11
27.2
29.72
28.24
24.46
23.12
3.31
14.64
15.94
18.03
20.48
20.15
20.34
21.46
22.36
23.85
21.36
19.53
18.21
15.63
19.02
19.01
18.78
19
20.3
21.71
22.59
22.26
22.46
22.22
21.94
21.11
20.6
20.45
21.58
23.28
24.14
26.37
57.63
43.73
27.9
24.65
21.8
21.37
21.55
21.97
24.44
26.41
30.74
59.7
48.96
59.01
53.44
51.27
21.12
22.46
19.51
19.62
20.43
22.64
29.9
34.03
46.59
44.13
36.33
25.37
22.7
24.3
25.95
24.35
23.68
23.07
25.56
42.22
36.24
50.68
80.54
18.89
24.02
20.39
14.52
13.05
22.03
30.09
21.19
33.33
21.65
22.93
25.52
31.66
18.46
16.9
14.09
14.43
16.01
18.48
19.62
20.05
-10.98
-5.41
77.05
95.01
46.45
36.84
29.69
27.85
24.13
23.31
24.43
27.17
72.13
86.4
72.18
27.08
23.01
23.45
23.78
14.96
14.13
26.19
54.45
121.31
66.8
37.12
36.24
40.78
33.84
28.73
27.8
27.63
21.91
18.02
13.95
16.43
24.59
24.21
15.47
10.6
11.19
6.27
6.12
12.34
6.77
6.91
-4.13
13.58
10.92
11.36
10.18
9.9
11.2
10.04
10.16
12.75
16.67
15.23
16.75
19.63
41.01
50.55
42.67
23.19
21.7
44.46
22.14
23.71
24.52
25.76
30.59
39.02
37.03
57.86
52.8
55.16
40.26
33.98
31.48
27.6
26.72
29.3
27.91
28.77
41.79
56.82
46.69
33.08
27.79
26.92
54.48
89.75
33.44
38.97
16.94
22.98
19.23
21.95
23.56
17.3
16.7
15.07
15.95
15.45
16.27
19.23
27.48
24.81
40.27
35.44
44.01
55.94
24.2
31.16
34.01
28.74
32.77
32.54
36.53
380.82
88.17
59.86
53.78
40.6
39.98
55.35
66.76
35.18
40.78
37.78
47.31
40.44
63.84
56.01
49.42
39.81
28.67
23.74
26.92
25.04
27.94
28.27
27.52
31.78
36.55
37.46
28.61
27.59
6.19
18.37
18.06
20.73
22.05
21.82
23.01
27.41
27.06
34.92
23.7
20.52
18.68