16.24
19.58
19.55
19.22
19.47
20.78
21.51
22.19
21.96
22.05
21.71
21.55
20.91
20.68
20.65
21.17
22.01
22.42
23.73
41.78
33.07
24.14
22.53
21.31
21.46
21.61
21.9
23.3
24.37
27.2
43.42
37.06
43.77
68.61
56.31
31.24
33.28
28.33
28.54
29.67
30.38
34.12
31.34
44.5
35.39
29.39
23.96
22.61
24.66
23.52
23.11
22.91
23.63
25.36
31.63
30.4
41.1
50.42
34.93
48.2
34.06
35.95
27.83
26.6
38.83
24.8
22.98
23.41
23.29
23.59
21.88
20.9
20.22
19.36
20.29
21.39
23.48
23.93
27.48
27.79
35.76
59.96
69.62
32.17
34.8
27.11
26.63
27.88
25.98
27.73
31.56
55.06
62.32
42.75
25.71
25.4
27.89
27.56
28.77
28.26
33.74
38.1
87.33
45.94
31.11
31.28
30.77
31.35
28.14
28.06
28.16
25
24.32
29.13
31.17
43.5
47.72
28.3
22.21
22.52
27.37
21.06
22.56
24.96
24.95
64.79
26.86
29.15
27.42
24.88
23.67
22.38
21.84
22.38
22.67
24.67
22.42
24.47
25.09
48.85
53.23
32.07
24.14
22.84
39.14
24.04
24.38
24.78
25.39
28.35
37.93
29.36
37.72
36.43
39.21
31.84
29.01
27.08
25.3
27.5
27.86
26.65
26.27
37.27
44.22
38.66
29.86
27.77
29.55
31.17
29.84
29.89
37.66
26.54
39.61
36.59
37.53
34.91
25.57
28.09
25.77
27.57
22.96
24.77
26.19
30
31.41
52.64
32.3
36.25
58.05
25
29.62
29.97
27.3
31.06
31.11
31.55
377.46
77.11
44.47
39.2
33.63
33.37
44.42
41.08
31.75
32.27
32.66
38.23
34.73
49.01
41.94
42.17
39.94
27.63
23.96
28.1
26.6
31.15
27.28
26.91
28.52
30.97
29.83
28.28
29.35
47.92
32.86
30.41
25.53
24.8
25.94
27.09
27.85
33.83
31.28
24.65
23.27
21.67
16.55
19.97
19.94
19.61
19.87
21.24
22.04
22.84
22.65
22.73
22.37
22.14
21.42
21.12
21.06
21.6
22.53
23.03
24.44
43.14
34.2
24.96
23.26
21.92
22.03
22.2
22.51
24.01
25.19
28.18
45.04
38.43
45.4
71.15
58.36
32.35
34.48
29.34
29.55
30.72
31.46
35.32
32.44
46.11
36.66
30.43
24.77
23.32
25.43
24.25
23.83
23.61
24.3
26.15
32.72
31.49
42.37
51.85
36.08
49.61
35.29
37.22
28.79
27.5
40.95
25.75
23.74
24.16
24.03
24.32
22.51
21.43
20.69
19.78
20.73
21.87
24.08
24.65
28.36
28.7
36.95
62.07
72.04
33.29
35.99
28.04
27.51
28.81
26.77
28.53
32.43
56.82
64.22
44.11
26.5
26.12
28.59
28.33
29.53
29.06
34.61
39.21
89.92
47.49
32.12
32.2
31.68
32.23
29
28.94
29.01
25.85
25.17
30.06
31.98
44.98
49.26
29.26
22.93
23.2
28.19
21.66
23.15
25.64
25.7
66.83
27.86
29.71
27.27
25.35
24.54
23.16
22.59
23.11
23.43
25.51
23.18
25.31
26
50.64
55.17
33.24
24.98
23.59
40.37
24.81
25.17
25.57
26.2
29.27
35.27
30.35
39.01
37.66
40.46
32.81
29.89
27.94
26.09
28.36
28.73
27.48
27.1
38.45
45.66
39.88
30.78
28.63
30.48
32.14
30.75
30.83
38.86
27.41
40.89
37.77
38.71
36.02
26.37
29
26.59
28.45
23.68
25.54
27.01
30.97
32.44
54.36
33.38
37.43
59.92
25.77
30.58
30.96
28.2
32.1
32.14
32.64
390.06
79.17
46.05
40.89
35.31
34.91
46.15
43.98
33.03
33.36
33.76
39.52
35.89
50.6
43.33
43.53
40.99
28.46
24.69
29.28
27.64
32.48
28.19
27.89
29.55
32.07
30.9
29.27
30.34
49.48
33.75
31.33
26.3
25.57
26.76
27.92
28.71
34.88
32.27
25.41
23.94
22.27
16.58
19.99
19.96
19.63
19.9
21.27
22.07
22.87
22.69
22.77
22.4
22.18
21.45
21.14
21.09
21.63
22.56
23.06
24.48
43.22
34.26
25
23.3
21.96
22.06
22.23
22.54
24.04
25.23
28.24
45.13
38.52
45.53
71.34
58.51
32.43
34.56
29.4
29.61
30.78
31.53
35.4
32.52
46.23
36.75
30.5
24.83
23.37
25.48
24.3
23.88
23.66
24.36
26.21
32.8
31.57
42.46
51.96
36.16
49.71
35.36
37.31
28.86
27.57
41.1
25.83
23.8
24.23
24.09
24.38
22.56
21.48
20.73
19.82
20.78
21.92
24.14
24.72
28.43
28.78
37.05
62.22
72.2
33.33
36.04
28.08
27.52
28.68
25.85
27.75
32.41
56.97
64.35
44.19
26.55
26.17
28.65
28.4
29.6
29.13
34.68
39.33
90.18
47.6
32.18
32.23
31.7
32.26
29.02
28.98
29.05
25.89
25.21
30.1
32.02
45.06
49.34
29.3
22.96
23.24
28.23
21.69
23.19
25.68
25.74
67
27.9
29.75
27.3
25.37
24.55
23.18
22.61
23.16
23.48
25.56
23.23
25.37
26.07
50.78
55.33
33.33
25.05
23.64
40.46
24.87
25.22
25.62
26.25
29.32
38.25
30.41
39.08
37.73
40.51
32.84
29.92
27.98
26.13
28.4
28.77
27.52
27.14
38.53
45.74
39.95
30.82
28.68
30.54
32.2
30.81
30.89
38.94
27.47
40.98
37.84
38.77
36.07
26.41
29.05
26.64
28.49
23.72
25.58
27.06
31.03
32.5
54.47
33.43
37.48
59.99
25.81
30.61
30.99
28.23
32.14
32.19
32.69
390.52
79.23
46.08
40.92
35.34
34.93
46.17
44.01
33.02
33.36
33.76
39.52
35.9
50.62
43.35
43.54
40.99
28.48
24.72
29.31
27.68
32.52
28.24
27.94
29.61
32.13
30.94
29.3
30.38
49.51
33.77
31.34
26.33
25.61
26.8
27.96
28.75
34.94
32.31
25.44
23.98
22.3