20.85
20.23
19.24
18.52
18.4
17.88
18.93
20.63
23.95
25.1
25.2
26.74
51.94
37.81
53.76
41
65.89
42.84
31.15
27.32
26.72
24.17
22.22
21.51
20.22
19.1
17.1
14.8
15.39
12.24
17.79
22.2
22.38
25
26.36
27.87
41.12
40.35
34.36
86.06
71.57
36.61
29.44
26.99
26.48
25.09
24.62
21.57
21.04
20.36
19.97
19.54
19.45
19.47
20.3
21.31
23.56
26.31
29.39
31
40.34
35.86
52.59
38.84
77.58
41.75
31.77
28.37
26.74
24.23
23.83
23.25
20.98
20.22
19.71
18.75
18.47
18.51
19
20.47
22.65
24.7
27.47
45.72
40.8
29.23
34.98
40.4
57.36
43.18
28.69
26.52
26.99
24.61
24.65
21.76
20.19
19.66
19.36
18.87
19.21
19.85
21.18
22.6
24.54
27.5
29.43
33.32
30.84
32.87
31.36
35.57
41.27
33.42
49.04
30.16
31.03
25.98
23.11
22.2
20.28
18.92
18.14
17.98
18.48
19.91
20.87
22.41
22.82
24.4
27.48
29.6
39.9
30.24
46.35
37.64
34.32
41.49
46.81
35.06
35.59
26.04
23.7
23.19
20.18
18.04
17.45
17.33
18.26
19.89
20.75
22.21
26.36
27.93
28.52
28.27
28.75
33.02
37.55
33.72
29.95
27.29
26.58
26.72
25.05
23.91
22.89
21.69
19.98
19.18
19.43
19.19
19.08
19.19
20.16
21.34
23.14
24.74
25.39
26.78
26.5
27.22
27.16
28.48
35.55
40.74
32.69
30.75
25.3
24.38
22.02
20.96
19.65
18.66
17.52
16.51
15.73
12.59
17.13
19.59
20.99
23.15
23.75
25.65
27.53
26.96
25.95
26.06
26.36
27.25
26
25.06
24.43
22.91
21.71
20.43
18.66
18.05
17.07
18.02
19.05
20.24
20.57
22.11
22.53
23.61
24.53
26.93
28.74
30.36
30.13
29.96
34.64
273.87
28.61
52.82
29.2
24.97
23.26
22.59
17.77
18.61
17.9
17.1
17.18
16.8
17.78
19.32
22.38
23.51
23.84
25.3
48.44
36.32
49.91
38.04
61.98
35.05
27.56
24.62
23.19
21.7
19.87
18.06
16.21
17.66
14.91
13.7
14.32
11.41
16.55
20.16
20.15
20.79
20.43
21.75
24.69
25.17
28.59
55.67
51.35
32.94
27.82
25.4
24.54
23.24
22.24
19.98
19.42
18.89
18.65
18.2
18.15
18.17
18.9
19.92
22.11
23.34
26.74
29.44
39.29
34.69
47.5
38.21
75.83
40.79
29.45
25.98
24.69
22.48
21.48
21.65
19.6
18.98
18.53
17.68
17.44
17.46
17.95
19.38
21.46
23.55
26.03
43.95
38.66
27.18
32.22
37.26
55.4
41.15
27.47
24.34
24.73
22.38
22.65
20.47
18.99
18.47
18.28
17.88
18.11
18.58
19.85
21.32
23.33
23.81
27.21
31.57
29.55
31.72
30.24
33.19
37.91
30.41
46.55
25.01
27.39
25.25
22.04
20.91
18.92
17.8
17.12
16.94
17.36
18.68
19.74
21.45
22.11
23.78
24.95
27.51
24.95
24.56
102.32
39.2
34.69
48.75
55.5
36.48
36.84
24.81
21.19
21.68
18.77
16.84
16.37
16.27
17.11
18.58
19.43
20.98
24.4
25.82
26.24
27.09
27.6
32.05
36.58
32.88
29.25
26.68
26.12
26.26
24.54
23.26
22.08
20.84
19.06
18.43
18.64
18.46
18.28
18.38
19.24
20.44
22.32
24
24.59
26.13
26.16
27.03
27.05
28.49
35.84
41.37
33.16
34.27
25.15
24.01
21.64
20.65
18.99
18.04
16.92
15.92
15.28
12.27
16.57
18.62
20.16
22.35
23.01
24.86
25.27
26.12
25.17
25.22
25.52
26.42
25.2
24.3
23.42
21.61
20.34
18.31
17.29
16.96
16.18
17.22
18.24
19.18
19.52
21.03
21.51
22.63
23.76
26.36
28.34
29.56
27.98
25.39
27.85
280.6
28.08
56.61
28
24.18
22.67
21.8
16.92
18.61
17.99
17.21
17.45
17.07
18.06
19.67
22.75
23.32
23.46
25.19
46.39
35.66
48.56
37.58
61.89
35.6
27.89
25.12
23.36
21.93
19.73
17.27
15.04
17.7
14.43
13.89
14.54
11.59
16.89
21.02
20.86
21.23
20.96
21.92
25.28
25.78
28.56
55.47
53.29
34.16
28.84
26.26
25.21
23.82
22.71
20.29
19.61
19.08
18.89
18.46
18.46
18.52
19.29
20.49
22.86
24.18
27.36
30.68
39.98
37.14
51.89
41.39
80.61
43.03
31.03
27.22
25.67
23.21
21.86
21.99
19.81
19.22
18.79
17.91
17.76
17.81
18.24
19.72
21.98
24.18
26.8
45.56
39.95
28.56
33.97
39.26
58.18
43.11
29.11
25.23
25.46
22.99
23.2
20.85
19.22
18.69
18.51
18.17
18.46
19.01
20.37
22.08
24.3
33.11
33.12
36.11
32.33
34.82
33.11
39.74
47.41
39.33
54.47
41.98
38.92
26.63
22.94
21.56
19.36
18.13
17.5
17.41
18.34
19.17
20.26
22.23
23.12
25.03
31.62
34.1
69.27
45.01
169.83
52.69
43.52
68.84
67.56
39.97
41.76
28.26
26.33
22.93
19.45
17.37
16.95
16.92
17.82
19.29
20.17
22.01
26.79
28.95
30.7
28.73
29.12
33.82
38.45
34.72
30.82
28.02
27.4
27.54
25.72
24.39
23.19
21.92
19.94
19.31
19.52
19.31
19.19
19.32
20.23
21.74
24.04
25.99
26.61
28.29
28.35
29.32
29.47
31.24
39.78
45.96
36.77
34.15
27.47
26.04
23.22
22.02
20.09
18.98
17.8
16.71
16.21
13.13
17.62
19.65
21.33
23.72
24.46
26.47
27.03
27.78
26.65
26.61
27.84
29.67
26.61
25.61
24.61
21.47
25.67
20.63
18.02
17.66
16.9
18.03
19.08
20.12
20.35
21.95
22.55
23.72
25.02
27.92
30.17
33.84
37.42
43.21
55.55
313.98
34.41
59.48
34.23
27.46
23.97
22.68
17.16
18.89
18.28
17.43
17.55
17.14
18.12
19.64
22.75
23.92
24.36
25.95
49.81
37.13
51.29
39.17
63.69
36.17
28.41
25.31
23.74
22.29
20.25
17.77