18.3843
19.1324
19.0477
19.6083
19.042
15.3627
14.3357
14.9825
10.9845
14.7818
38.2231
25.855
25.8
22.2522
23.5059
22.7442
22.5274
21.9225
23.494
24.3215
22.8372
22.7772
165.9598
27.9923
50.1326
46.6422
24.4266
21.0054
18.0704
34.0146	
18.9458
16.3145
17.3393
18.9529
24.1382
19.0343
23.7805
35.3137
47.927
19.724
19.1001
26.5496
23.0575
17.8808
16.4787
17.8063
18.5509
17.9872
18.3658
15.9967
17.412
17.3785
15.6832
15.1501
14.4771
14.272
24.6454
12.1139
12.8799
15.4196
22.8323
28.9647
20.2385
20.6146	
19.442	
19.7025
21.1352
23.5109
23.6627
23.6536
23.2486
23.69
22.6697
22.6055
23.8926
22.4272
21.276
17.7174
16.4714
15.4743
15.3638
15.2696
15.4076
14.6469
15.8255
20.1636
22.3793
20.3435
20.0254
20.7723
20.9682
21.313
21.844	
22.2488
22.3209
22.9262
20.8873
19.5742	
16.8455
15.9799
12.0023
6.7101	
1.6333	
-3.2895
-2.2415
-3.1978
8.0572
2.8848
15.0689
18.939
19.0028
18.4875
19.6658
21.6417
22.4855
26.263
25.5338
26.261
30.3458
27.2972
23.5279	
21.5397
19.7501
16.1992
9.5699
12.9266
9.4187
10.6538
8.0205
12.9321
14.7371
15.5386
16.3711
19.1082
20.7202	
21.3225
22.8116
30.0751
32.4473
34.0052
45.8951
27.0403
24.4187
26.6278
22.0863
20.1979
27.3489
15.9317
5.767
5.8493
-2.3472
5.6244
5.6759	
-11.3509
7.7379
16.4785
17.0477
17.7478
44.645	
35.451	
30.172	
40.986	
57.898	
75.9731
26.4137
62.647	
28.1673
36.5142
23.9442	
44.1234
21.2803
20.8612
18.6912
17.6193
17.9267
18.2395
18.1269
18.4863
18.3845
20.4833
21.3809
20.7657
25.1181
23.9404
25.5916
26.8081
24.5147
21.9271
23.9591
25.5553
25.083	
24.0589
23.4857
21.403	
20.0766
17.4642
10.8597
6.4057	
14.9181
14.4004
15.0944
18.1752
18.8415	
18.5045
18.439	
19.651	
19.4854
21.9877
26.5728
25.7725
77.0163
32.0958
25.1267
27.2231
25.4814
24.2091
20.7785
18.856	
20.4551
20.1476
10.8343
14.4753
11.7663
8.3641	
9.2395	
13.1415
37.8879
16.1404
17.2572
17.7039
19.5689
18.1837
19.8357
22.951	
24.8838
30.3041
25.2389
40.568	
20.6479
20.4318
22.8148
18.2426
18.2174
25.3452
18.4955
16.289	
15.7558
11.4463
12.7876
13.0618
10.2321
2.2681	
13.6246
16.4194
21.5606
19.9892
8.2743	
12.6914
12.5474
17.3072
17.9188
23.4705
20.4563
11.3417
13.7433
18.7198
19.9946
19.8545
17.8177
17.3219
16.6591
15.9534
16.1421
16.3665	
16.308	
16.0294
16.4598
22.188	
37.5536
83.5741
22.0861
23.0755
25.8234
45.8452
28.4224
25.0928
22.7262
43.861
22.9556	
24.5641
26.9483
58.2478
20.3766
19.9464
12.5399
15.6786
14.7995
15.9879
17.1613
19.0744
25.2638
89.3963
46.0188
54.5606
33.8535
46.929	
41.9237
52.9239
149.6735
37.8372
37.8464	
34.8147
27.3198
25.7207
20.824
19.7646
22.1684
21.2749
19.0289
12.5692
17.9125
18.0039
18.5239
21.8377
20.9297
20.8322
21.2451
22.1905
22.1074
22.5425
30.5829
28.1597
33.9094
39.8382
35.3035
33.7895
29.2464
27.6401
26.1116
22.0724
20.4056
17.4817
17.8873
16.7167
17.5845
16.9555
19.0103
22.4375
23.7041
23.2367
23.6909
27.4205
27.9302
27.6763
29.1885
31.0715
35.2944
35.5341
34.2811
40.9243
30.7629
24.5108
19.2947
17.4003
8.6213
7.2178
9.8807
10.7371
13.6965
14.6229
17.16
16.5924
21.2412
20.5998
20.4116
20.118
21.3451
24.1883
25.3493
27.4148
25.9664
25.9384
23.657
25.6897
28.5264
20.4572
19.6716
16.6599
6.9866
16.9416
15.9326
17.0799
18.2158
16.2368
18.3139
78.7125
196.9937
45.8475
21.7636
23.1257
22.2506
24.798
25.9206
27.3409
26.9346
21.9258
20.6837
23.8564
22.5226
22.1293
20.2938
71.7805
15.7829
12.795
17.7196
17.8593
14.3537
17.923
18.0858
17.4954
25.3763
73.4415
20.3193
18.8538
19.5599
24.0229
24.1155
28.7111
32.5306
28.9908
30.6051
27.5883
21.9665
20.8078
24.4712
18.9165
17.955
11.2397
15.2889
15.0501
14.9066
15.1523
15.6497
5.2114
4.1379
15.9698
15.8613
20.3204
20.122
63.2094
46.5128
21.1873
23.1966
24.7299
27.9402
23.1611
25.6487
23.3842
31.1437
20.3408
17.7641
18.2271
18.2116
18.2641
18.2646
17.5332
18.1625
20.4745
21.4847
40.4388
22.6439
20.8893
22.1612
22.2863
24.296
25.7988
27.7508
27.8187
26.2467
27.114
22.5202
22.4745
20.9961
16.1033
14.2634
13.1902
13.8881
12.7835
13.1253
14.0339
16.4629
17.2611
23.2874
23.9424
21.8675
23.6408
30.592
25.4881
25.5208
27.6057
84.5521
29.2034
26.2898
27.9219
22.4458
23.1571
17.4652
15.5031
10.7344
6.7036
7.8495
6.4945
13.6257
13.1733
18.1779
17.7683
37.8289
96.7062
24.4614
23.5459
30.8208
24.6685
25.7075
28.2752
25.7754
28.319
25.7203
22.0689
0.0347
-0.0348
0.0262
0.0015
0.0381
0.1109
0.1262
0.1668
0.1293
0.231
0.251
0.2263
0.2014
0.2236
0.2399
0.3185
0.4115
0.6848
0.4735
0.28
0.423
0.1653
0.3376
0.3874
0.3515
0.2827
0.1829
0.0701
0.0061
-0.0231
-0.1641
-0.0183
-0.0305
-0.2166
0.108
0.2745
0.3195
0.2554
0.5184
0.3464
0.3093
0.5093
0.4985
0.357
0.117
0.1258
0.0372
0.0152
0.0911
0.2349
0.1158
0.0845
0.1079
0.0031
-0.1155
-0.173
-0.2353
-0.201
-0.1388
-0.0587
-0.0145
0.0863
0.2194
0.2772
0.3296
0.2694
0.2147
0.1508
0.1552
0.2065
0.2532
0.2406
0.2531
0.2168
0.187
0.2191
0.1842
0.1191
0.2334
0.2008
0.1559
-0.0087
-0.0034
-0.0561
0.0707
0.1346
0.0562
-0.102
0.0238
0.218
0.8527
0.2483
0.1612
0.1899
0.1368
0.1751
0.147
0.1859
0.1606
0.1436
0.1043
0.1914
0.1555
0.1214
0.151
0.2906
0.3236
0.2585
0.2329
0.2057
0.1398
-0.0006
-0.119
-0.1585
-0.081
-0.114
-0.0262
0.2108
0.133
0.197
0.1764
0.0547
0.1324
0.1887
0.1551
0.1799
0.154
0.1363
0.1817
0.1738
0.1636
0.0144
0.3146
0.3
0.3505
0.2425
0.136
0.0908
0.0895
0.2263
0.3442
0.3705
0.3181
0.2468
0.1825
0.1905
0.1821
0.2912
0.301
0.2034
0.13
0.1857
0.2028
0.1762
0.1409
0.1451
0.16
0.181
0.44
1.016
0.1959
0.564
0.6784
0.7782
0.6581
0.5614
0.4748
1.122
0.6051
0.6932
0.7567
1.4268
0.4754
0.3988
0.2173
0.281
0.237
0.2957
0.3138
0.3624
0.587
1.9841
0.9907
0.8249
0.4533
0.6027
0.2262
0.1366
0.3202
0.0548
0.2761
0.2837
0.4233