17.6433
19.447
14.0569
17.247
5.5315
18.9281
13.4511
15.2463
18.5602
17.9935
18.0178
20.0028
26.0302
25.5921
42.6435
21.8192
19.8896
32.4073
64.0562
40.676
73.8416
26.4551
24.6343
21.8094
37.1596
42.9043
19.7663
23.9626
18.0606
27.4688
19.7277
19.3541
20.9811
24.5881
21.3326
145.9257
22.6872
22.0656
21.9676
22.3222
26.0674
51.7382
27.0171
27.7805
40.808
24.3923
22.0684
25.0718
22.7226
21.6583
24.1822
19.13
14.3404
12.9807
17.1985
17.2915
19.2499
19.222
19.2112
18.6203
18.6369
22.649
23.3702
84.5405
23.1181
23.6101
27.1343
50.2435
25.6091
48.6568
35.1722
20.6511
21.9245
17.8828
16.4805
10.3154
15.9593
36.3858
20.4773
11.2893
9.8185
13.7963
12.6023
16.7854
19.9383
16.6148
104.5041
55.1517
24.6473
22.959
36.708
32.4184
84.664
21.1472
20.5054
78.3811
21.8762
19.7462
20.2722
39.9781
71.4133
23.0825
21.2586
19.4309
24.822
26.981
19.7523
23.4841
70.6235
30.5249
28.4032
28.8439
29.6273
30.4995
44.1218
37.4664
44.2567
28.7839
59.4507
42.2098
29.5823
31.7335
29.1322
46.9441
20.608
20.5028
20.6987
19.3883
18.6813
20.4513
28.6858
42.0959
18.1939
20.8916
41.0932
17.2607
19.0152
21.0286
22.4817
25.1159
21.3864
32.9895
17.8136
59.2675
28.7157
21.3866
25.4869
20.2945
23.4141
19.0054
19.0339
19.3425
19.179
19.4538
18.9401
25.7659
27.9707
26.9785
28.856
38.5758
28.2059
25.7414
29.0202
23.7455
22.2937
20.1134
19.3379
25.4126
27.0282
50.6357
45.9406
30.9377
30.0618
26.2759
28.812
28.6288
26.0116
26.0158
21.6708
24.661
29.2261
31.4218
28.2873
25.3648
25.0025
24.7237
24.2376
24.536
23.9007
21.3808
20.6498
21.2149
21.5342
19.3173
20.8542
19.1879
18.6999
18.0003
18.1753
18.9787
19.5015
20.035
25.826
25.1635
23.627
27.0269
27.9699
42.5181
39.6849
19.4167
19.7358
19.0423
23.7302
20.6574
18.1518
43.1567
56.2427
17.9842
19.6588
17.542
21.071
17.4872
51.4095
23.8485
36.8715
32.532
28.8112
43.082
23.1885
24.0087
20.3911
20.2764
23.5343
23.315
22.6216
35.7436
21.0042
23.4627
34.0436
25.0302
23.2761
22.0292
73.9463
21.0151
24.3988
21.3258
20.7947
18.225
18.1197
19.7685
21.1999
20.4705
18.581
18.8104
19.0933
20.3453
20.0157
21.838
24.8975
20.6834
20.7846
20.9988
39.8389
100.2011
20.6467
21.3051
22.6525
19.0001
19.0218
18.1449
18.0499
18.0666
19.118
18.3125
19.4538
81.3246
47.6343
24.9834
29.3144
34.9359
46.0858
26.3548
28.1016
24.4591
23.374
20.879
41.9285
83.2727
45.7772
24.9246
26.1548
20.6388
20.7802
17.0818
17.7423
21.6189
17.8265
17.7289
18.726
17.742
15.4011
21.2925
21.1068
20.8772
17.7593
20.9828
22.6888
22.1909
19.3033
25.3359
19.2844
21.9073
25.1216
24.8401
18.4184
19.5548
13.8772
2.7821
7.7707
7.9914
8.3048
22.9976
12.9922
9.4519
37.67
35.5891
23.6965
19.2101
22.4353
17.0645
18.6648
19.0106
18.469
19.6843
21.8568
22.9136
24.7212
25.9058
62.3205
22.0993
18.4771
16.7631
17.973
17.696
16.6744
17.0369
16.5122
15.0789
19.822
35.0279
24.4499
23.9335
21.0093
17.4913
17.4233
17.4592
16.4075
14.6699
18.3244
17.537
15.4644
15.4322
24.9263
24.9635
10.2966
6.997
51.2585
7.7428
36.2971
29.3305
4.804
19.3335
34.4284
22.7011
28.5764
20.0262
22.1399
21.975
19.0629
18.714
19.841
19.5754
17.692
14.6152
22.7668
14.6721
28.4243
16.6599
15.6228
15.0543
50.6582
10.8383
9.4209
11.1824
17.6446
10.8415
8.5023
40.712
35.6934
32.3984
39.6242
19.2703
13.2579
9.5766
22.7424
11.4458
17.2119
33.8778
18.4389
19.0108
20.0963
22.1102
24.7673
20.8734
22.6047
87.4756
19.5201
28.6489
22.0718
31.5566
21.8358
23.1132
19.1312
19.2554
17.901
16.7372
13.1193
14.5672
15.7199
15.8508
17.7161
18.124
14.9198
25.8833
13.9124
8.5074
12.1759
5.3512
11.3086
6.2461
16.2447
10.3093
14.5128
20.5257
40.9396
45.9981
34.9546
95.0955
20.7735
19.3613
18.7247
17.8231
19.4533
13.4331
15.7111
17.9709
45.6959
19.5793
17.4835
23.8325
42.3884
27.7718
18.8542
25.6715
24.5869
26.189
28.2172
32.5152
29.3602
49.3391
18.2872
16.4992
19.8682
4.8005
32.9794
8.1387
38.8077
5.0469
16.063
18.2379
18.5161
19.0244
19.8628
20.995
23.2753
19.086
18.7636
19.0093
19.1042
20.0089
21.902
21.0391
19.0016
19.8545
20.4781
22.6144
20.7382
18.1963
18.0897
20.3588
18.9241
18.7264
18.9766
18.9367
18.747
22.4334
20.3868
23.7743
19.6529
16.7678
18.2511
17.0984
19.5559
18.3903
18.2533
18.9788
18.8198
18.923
19.5074
22.8096
26.8341
21.3366
19.3118
18.6954
18.2567
18.0099
17.6744
17.1868
14.4136
2.9686
12.0857
15.6352
36.2888
49.557
9.1625
20.9222
19.5237
42.359
52.1252
100.2621
14.9784
40.0309
26.0177
70.1924
21.5328
16.7125
17.5497
15.9267
34.3264
17.7429
17.7645
10.8985
18.0666
19.118
18.3125
19.4538
81.3246
47.6343
24.9834
29.3144
34.9359
46.0858
26.3548
28.1016
24.4591
23.374
20.879
41.9285
83.2727
45.7772
24.9246
26.1548
20.6388
20.7802
17.0818
17.7423
21.6189
17.8265
17.7289
18.726
17.742
15.4011
21.2925
21.1068
20.8772
17.7593
20.9828
22.6888
22.1909
19.3033
25.3359
19.2844
21.9073
25.1216
24.8401
18.4184
19.5548
13.8772
2.7821
7.7707
7.9914
8.3048
22.9976
12.9922
9.4519
37.67
35.5891
23.6965
19.2101
22.4353
17.0645
18.6648
19.0106
18.469
19.6843
21.8568
22.9136
24.7212
25.9058
62.3205
22.0993
18.4771
16.7631
17.973
17.696
16.6744
17.0369
16.5122
15.0789
19.822
35.0279
24.4499
23.9335
21.0093
17.4913
17.4233
17.4592
16.4075
14.6699
18.3244
17.537
15.4644
15.4322
24.9263
24.9635
10.2966
6.997
51.2585
7.7428
36.2971
29.3305
4.804
19.3335
34.4284
22.7011
28.5764
20.0262
22.1399
21.975
19.0629
18.714
19.841
19.5754
17.692
14.6152
22.7668
14.6721
18.6954
18.2567
18.0099
17.6744
17.1868
14.4136
2.9686
12.0857
15.6352
36.2888
49.557
9.1625
20.9222
19.5237
42.359
52.1252
100.2621
14.9784
40.0309
26.0177
70.1924
21.5328
16.7125
17.5497
15.9267
34.3264
17.7429
17.7645
10.8985
18.0666
19.118
18.3125
19.4538
81.3246
47.6343
24.9834
29.3144
34.9359
46.0858
26.3548
28.1016
.8415
8.5023
40.712
35.6934
32.3984
39.6242
19.2703
13.2579
9.5766
22.7424
11.4458
17.2119
33.8778
18.4389
19.0108
20.0963
22.1102
24.7673
20.8734
22.6047
87.4756
19.5201
28.6489
22.0718
31.5566
21.8358
23.1132
19.1312
19.2554
17.901
16.7372
13.1193
14.5672
15.7199
15.8508
17.7161
18.124
14.9198
25.8833
13.9124
8.5074
12.1759