55.6904
69.5473
26.1126
23.5143
14.3126
18.8788
-0.4929
16.5474
6.7906
13.4445
20.7163
22.5867
22.3687
19.3214
20.1146
29.9915
48.4787
26.7105
29.9311
48.5889
132.6178
134.7553
34.7714
26.367
55.6365
48.3832
20.7893
31.9607
17.8417
10.7597
16.7803
11.2997
7.7155
15.346
22.9202
38.2048
26.7775
25.0765
26.9622
32.4178
46.4794
33.9792
83.8132
28.9463
30.3895
38.4707
34.0912
38.2315
18.6591
21.3471
24.0138
26.0297
20.485
19.1664
18.2427
18.5029
18.1604
18.4222
19.3144
25.3686
0.4435
27.8533
6.1739
23.788
22.9222
25.6359
47.7606
25.4476
26.0106
27.7248
30.1093
25.1038
24.8085
24.7273
22.3869
19.5051
17.4824
18.242
17.5852
16.399
16.0576
16.3042
18.7661
29.3406
31.2508
48.9948
53.0679
46.4254
66.6463
65.3761
30.3857
31.0635
42.8753
80.5892
50.9516
29.4634
25.686
24.8397
22.4676
18.9554
14.9225
14.4384
15.4115
9.8247
14.2522
14.7758
14.5653
17.308
16.5942
15.3263
19.0181
18.9299
19.3456
20.5969
19.4189
43.6291
24.5969
21.5388
20.3457
12.6107
17.9688
15.4044
13.0064
16.1073
6.3334
33.5367
21.4177
16.422
7.9708
11.172
15.807
16.6144
15.7227
18.3012
20.5081
25.3506
24.0761
45.4654
24.1084
30.0942
88.9392
26.436
31.0973
30.1868
23.9399
9.321
1.1834
13.2127
7.0783
10.467
4.6832
4.0397
5.1599
9.3531
6.4554
-0.6455
5.1192
14.4351
27.5627
36.193
31.8931
37.2587
30.1647
50.5842
64.5944
27.4354
27.6864
112.7587
32.1715
43.9908
43.7957
14.83
11.2506
10.1867
29.603
7.811
17.9335
18.4114
17.948
22.0488
17.4067
25.3014
34.4054
41.2791
30.5316
80.1508
43.0944
201.7648
50.1613
46.1022
125.7131
30.7067
31.9559
27.5897
68.6959
45.2327
16.3565
13.2895
12.2104
-4.2438
9.699
5.4134
21.6912
21.5834
20.7905
18.4186
17.1378
18.9515
19.8183
22.7841
18.3929
17.9251
21.197
19.314
19.8089
24.8342
27.7318
25.201
24.1153
20.4703
18.3736
17.8432
17.4252
17.2064
17.0547
17.1958
17.7101
18.0537
19.5374
18.058
21.2609
21.1347
19.2278
18.9233
19.0766
18.5659
18.9665
24.3779
18.5316
19.3398
33.8313
36.5467
13.3621
36.6723
-11.9784
2.05
-0.5505
-4.2468
-9.1533
-6.9037
2.8912
13.9222
14.8379
15.5521
17.4032
18.1762
17.9731
21.0479
35.1303
50.894
25.3572
49.5894
46.8538
23.3742
20.0683
22.882
21.1864
7.367
10.2859
45.1876
8.5024
13.1165
5.7969
12.6569
0.7081
22.2978
16.2576
18.9782
19.1349
19.0615
27.9339
25.038
74.0606
33.3908
34.0424
31.4691
31.0415
26.1598
42.036
19.3362
19.2174
17.7613
14.7546
72.4111
17.9677
24.3178
17.3758
28.7222
16.669
19.5652
30.0765
29.7466
22.0032
23.1826
64.2966
31.1297
31.9987
27.496
29.7587
33.6064
41.5293
26.1598
38.0362
21.5263
15.9149
25.3899
20.654
13.7709
18.2333
2.2731
9.9363
24.3599
16.0581
16.1215
17.1075
24.9044
20.0008
18.7924
18.7323
18.1658
18.1261
15.4208
16.9261
18.0962
18.5951
20.1293
24.4543
21.4122
21.955
21.2963
21.0472
17.2242
18.8311
18.3918
18.0393
17.5314
22.7363
18.1456
18.0765
18.3737
24.1512
28.2448
22.2612
33.0758
26.3283
23.2558
26.0158
25.2458
20.0944
25.1422
36.7911
37.8769
17.5392
13.1149
5.8538
30.3145
3.5707
-14.9569
14.9171
10.5348
44.6422
91.9966
46.148
27.8328
23.177
21.9403
19.0259
18.7392
18.5533
18.5044
18.2781
18.7612
17.8849
20.0654
40.1813
63.3692
17.9487
22.5236
20.3616
-1.0942
-6.4185
-7.5312
3.0656
27.9235
7.1615
24.6592
20.0221
35.3965
61.1435
31.1095
22.0669
27.7509
24.2833
23.8782
18.4738
24.4589
25.6896
22.2186
17.6825
19.165
17.7858
16.8536
14.6303
13.6928
13.5098
14.9528
15.3336
16.3539
18.0144
14.8783
18.9087
17.3699
19.0064
24.0264
26.8702
19.112
19.7329
16.6473
18.6267
18.2515
18.7443
18.1041
17.6912
20.0162
22.1823
15.6212
7.8301
7.9079
-2.8018
4.0387
4.6669
-2.0422
7.8661
8.1744
14.7634
16.4757
14.9956
15.5147
16.4571
17.2673
16.49
15.9096
16.8604
18.2267
20.0575
18.7431
18.7017
28.4567
19.9592
18.0013
17.4274
25.3344
13.8655
14.9923
13.7477
14.3045
15.5878
9.6501
18.3866
16.0792
32.4882
27.2526
37.9681
29.0241
50.5435
36.8996
48.1441
75.9911
29.1599
449.9272
29.7566
26.835
30.578
26.3347
20.1977
93.7171
25.9202
18.9604
24.863
18.5949
18.4378
18.1509
17.753
18.6544
108.9863
26.0296
20.3494
20.9715
19.4514
19.5463
19.3942
22.6115
24.3975
23.0166
25.3629
15.3531
7.1427
-2.1458
-2.476
4.4628
-16.4292
7.9739
2.4469
3.6745
5.076
14.401
14.9971
14.7906
14.7395
27.2628
11.3147
33.5027
9.1804
20.3554
24.874
12.9332
8.8988
15.9058
25.129
18.5384
14.5026
20.274
1.833
22.3372
49.1303
7.5484
19.9132
20.1843
21.101
30.0143
21.4404
37.9726
19.4549
26.9393
23.8902
21.8365
16.7558
15.5933
17.4105
20.7776
-9.118
49.1704
56.5291
63.8204
26.3277
16.139
9.0224
20.5357
1.4752
12.5769
10.2334
16.2064
22.1985
24.1041
23.3561
19.8911
21.6324
29.6366
46.4168
32.6334
30.9598
28.9324
82.4319
105.2578
36.0727
28.3868
46.7563
45.7834
19.1511
28.4228
18.6143
14.3712
19.9238
15.5458
11.186
18.7999
24.9017
41.7317
29.8173
26.8547
29.9072
32.8674
61.7835
45.7937
89.3643
29.9744
31.3714
39.7024
35.1827
119.6761
75.0509
32.5517
24.6548
26.6737
20.9078
19.6018
18.6495
18.9471
18.6405
18.8798
19.8012
75.1538
33.0255
28.546
23.3323
24.2999
23.3951
26.1878
48.8132
25.9053
26.4459
28.1207
30.5541
25.4462
25.2142
25.1531
22.8304
19.8784
17.8012
18.4617
17.7846
16.5674
16.2127
16.4392
18.8866
29.5109
31.2785
48.9156
50.9054
45.8375
67.1098
65.8943
30.666
34.3621
43.3156
81.5046
51.3881
29.5532
35.0387
24.8104
21.6618
18.8457
14.9551
14.4425
15.4085
9.816
14.2138
14.7429
14.5503
17.2642
16.564
15.3024
19.0038
18.8656
19.2482
20.9829
22.1105
37.4811
26.6583
23.366
21.8723
13.7152
19.4073
17.5146
18.721
20.6823
12.5089
33.5806
21.4123
16.5949
11.5487
15.9766
16.981
16.6204
15.81
18.4797
20.6162
25.4117
24.6517
46.3716
24.4349
30.681
90.7588
27.0606
30.2244
28.6512
22.3656
14.8971
11.2484
26.3131
16.392
20.7332
15.8906
15.0808
16.8704
21.1823
15.1795
5.4016
12.3907
17.0344
25.6472
18.1735
25.8796
35.5552
30.8381
49.0524
114.4768
32.8149
27.4752
107.5368
24.8961
31.2107
38.5056
16.6819
13.5958
17.1452
24.6913
10.8446
18.5839
27.2679
11.9171
21.3635
19.0787
19.3172
25.2564
53.8651
21.4547
66.5073
38.7192
196.2931
51.6355
37.4933
124.917
34.5757
46.974
30.075
62.0068
43.6583
16.7407
10.2673
13.4394
-5.0578
4.6696
6.8804
21.2998
21.3701
20.0821
19.5196
19.6977
18.4427
19.7628
23.3753
18.8924
18.5062
21.6852
19.2084
19.7612
24.9535