18.5452
17.9606
18.7274
16.6741
16.2691
12.4262
9.9839
13.1994
12.4078
10.6138
15.3745
15.879
16.5129
17.4546
19.1979
20.1746
49.9293
47.2996
65.6129
18.6288
33.5264
29.942
29.0046
10.6204
24.6274
21.9066
20.1552
18.5336
18.0906
17.2996
16.6865
16.2858
16.362
16.3653
16.5278
16.3534
16.3233
16.977
18.8155
20.8854
18.6518
215.8742
33.5393
35.1006
29.3113
28.2927
27.4561
25.3345
23.7441
20.6913
17.5709
15.3175
11.2744
9.6506
9.4943
5.4679
11.7644
11.0723
12.4124
4.9045
15.531
17.9236
22.8198
19.0247
24.3071
24.6969
29.9061
25.995
27.7351
32.1555
27.3576
24.5292
20.64
17.7312
14.6312
11.2167
12.7083
9.0497
6.9302
5.32
9.9562
10.0642
14.8198
17.976
18.0873
18.9725
18.977
19.8956
33.2373
39.5528
23.4208
19.783
22.5507
22.2903
26.0521
20.94
26.8057
25.1619
29.9759
19.552
18.1368
17.671
17.4183
17.2456
17.2177
17.3998
17.9704
20.0731
18.1029
18.3311
19.2227
19.3633
20.0106
20.3029
21.6366
21.9573
22.048
23.4664
24.8311
28.4715
20.6937
20.774
21.6641
10.4272
10.6015
14.0878
13.4243
12.6315
9.669
11.3697
15.6662
17.6649
17.1704
17.3516
20.6689
18.4045
18.9977
22.3892
83.0864
32.1593
55.7969
33.6437
32.0933
25.0064
20.8161
18.9351
17.8227
10.4891
2.6379
7.6093
8.1985
-10.0759
1.9712
5.1313
11.3012
19.0206
17.2261
23.3683
21.9431
18.3834
18.516
20.5536
23.6476
21.5384
26.5695
27.6601
23.4887
22.4848
19.3042
17.5758
10.4374
15.0637
10.6902
14.6485
10.5876
0.2021
10.2967
10.7962
14.5186
15.6535
16.4554
18.5764
19.8552
19.7825
19.4569
21.5951
28.8745
31.183
72.1808
55.4157
25.2366
20.8909
21.5083
25.1915
19.9674
15.5453
12.0565
11.3411
12.2931
10.4673
11.0353
10.7291
10.5531
9.3791
13.4168
17.8231
20.9752
18.6953
20.6972
35.5788
22.2547
49.7997
32.6099
32.6125
30.864
24.153
21.9116
20.6081
19.7645
16.7775
15.4355
12.6664
11.9087
14.7204
14.926
15.8586
16.817
18.0008
17.2555
17.7795
20.308
21.2708
23.8994
25.2288
29.0146
27.7252
28.6759
29.3616
28.4585
28.3722
24.7854
22.9552
18.8908
18.2955
16.3921
16.4588
16.315
16.5111
16.7079
17.0144
17.7561
18.705
18.9215
18.6647
19.465
21.8361
24.2927
22.6167
21.3505
21.9823
22.0787
22.0757
22.397
22.3476
20.9113
20.9886
19.335
18.9128
18.2688
18.1186
17.9797
17.6088
17.6302
17.9621
18.6169
20.6371
20.2748
19.4746
25.1035
26.3346
25.4464
26.7407
32.8327
33.9186
33.066
34.854
33.0963
29.6901
23.8365
19.2555
18.0619
14.0596
24.4381
14.253
15.4948
10.2936
11.0525
21.1135
18.6705
18.3167
17.119
19.972
28.2752
19.5999
21.5231
20.5156
24.3834
27.3661
29.3428
36.3462
28.3465
33.3225
25.3688
46.5778
34.8122
32.3601
12.1227
21.2177
11.6893
7.7444
11.1217
11.7487
17.778
34.6888
18.393
17.9624
17.8778
21.9027
21.1293
35.8432
47.053
30.1666
30.0465
45.2715
21.401
35.5767
24.2599
19.9954
21.0306
28.9774
11.1569
11.2642
9.8346
9.061
5.7867
9.032
12.1631
11.502
11.404
18.5614
18.8749
20.5257
51.6714
32.5827
128.1555
73.539
41.6073
47.9982
29.7928
20.9863
23.2096
19.1864
20.2423
19.4053
17.4349
18.1167
17.0486
14.1361
13.0457
16.2591
16.0218
15.919
17.246
18.1282
20.2922
19.8927
20.8951
22.0447
22.062
21.5329
31.3363
45.6967
21.7642
19.4592
19.5901
19.0419
18.0621
17.8727
12.027
3.4232
13.8246
13.9224
15.9654
15.291
13.5962
20.5165
18.8409
28.9978
19.6031
19.2976
19.4962
37.1023
108.5852
97.5799
87.7242
64.6275
42.6966
48.58
24.0672
22.0241
13.5002
21.9997
3.5489
7.17
-0.3864
1.6103
-0.7424
7.7289
13.3764
12.2925
13.3398
13.6941
21.7344
29.2638
57.3944
30.5316
47.8775
136.2065
47.8476
64.3247
92.4081
39.9532
38.5123
87.2056
38.7275
27.8225
23.7947
32.8903
14.6204
12.5032
15.1572
14.581
17.9199
20.5541
20.3077
20.5393
24.0569
25.8943
28.6001
46.0758
44.7634
139.1784
140.6437
191.7071
45.5932
29.1822
28.505
31.239
24.7503
22.5563
15.9648
17.7391
16.1509
15.4192
14.961
15.6151
17.0521
18.4701
18.0935
18.7231
18.9525
32.3876
64.1115
33.4421
-6.9914
27.9335
42.5621
37.9448
37.5088
37.2474
32.2531
25.5273
19.5844
24.3354
18.1876
17.5371
11.4541
8.8056
10.4179
10.2761
16.0289
18.3123
17.0595
19.6706
19.5454
22.2514
29.6042
45.2579
26.7209
25.9297
27.4695
26.2933
22.6168
20.7572
20.9389
19.195
20.6171
17.2347
14.859
15.3396
15.6255
14.0472
13.8764
14.1188
16.7459
16.0044
17.8217
28.001
27.7753
30.7214
47.955
47.6313
42.9256
57.0154
33.4836
37.2989
31.7299
38.329
25.5833
27.4536
19.34
21.263
16.9956
13.1964
13.2296
13.3385
13.5284
15.3158
17.5736
16.5763
16.5854
38.1529
20.9608
23.2036
59.683
58.8485
34.7367
28.0374
27.812
28.1362
29.6285
25.9202
20.0564
19.4526
20.7519
17.7098
17.191
12.7648
10.2236
13.5002
12.6798
10.8318
15.7117
16.3213
16.9822
17.9689
19.6992
20.6768
51.2736
48.6169
67.8386
35.6421
35.3296
40.1878
45.3294
50.9435
31.9521
25.6851
20.7256
19.0688
18.5799
14.5917
17.2491
16.8332
16.9218
16.9424
17.133
17.0028
17.0076
17.6651
19.4819
21.5877
24.0544
236.1756
44.8345
49.4954
36.211
37.5518
34.8475
30.034
25.6829
22.6384
20.1456
18.8765
14.0226
11.022
12.865
7.6539
14.2591
11.479
13.3543
5.0539
15.972
18.4682
23.6741
20.9898
25.3014
25.811
40.7766
32.482
34.3859
38.9926
33.3669
34.2936
57.2984
37.7326
22.7617
31.1525
18.6793
14.4961
13.7321
9.2383
12.6746
11.8498
15.5164
18.3712
18.4705
19.2675
19.2272
21.4974
54.2427
49.6728
26.435
20.7325
22.9897
23.8029
26.1426
21.3357
27.072
25.3823
27.2012
19.7985
18.3399
17.9026
17.6666
17.5095
17.4938
17.7147
18.2784
20.3706
18.3487
18.6039
19.3939
19.4917
20.1538
20.4615
21.8925
22.2728
22.3605
23.7959
25.1602
28.8317
20.9115
20.9278
19.3359
10.5184
10.6888
14.1962
13.4917
12.6881
9.7119
11.4345
15.8273
17.8687
17.3564
17.5674
20.864
18.5586
19.1747
22.5827
83.4805
32.2661
56.0022
33.7824
32.1942
25.3126
20.8879
19.0148
22.0566
11.876
4.8671
8.4854
9.863
-8.7451
3.9119
5.0749
11.2039
18.8894
17.3146
19.4746
21.5336
18.4227
18.5801
22.5967
27.7676
22.1993
29.2343
28.1179
24.5819
24.6967