40.3133
23.4703
23.3381
19.4753
17.6049
15.4356
14.1116
12.8881
13.6621
14.8399
15.8785
16.4693
17.7242
19.959
20.1144
22.6932
43.7255
62.1848
42.3269
31.9682
61.6055
33.3307
33.5782
37.0281
61.2997
22.5345
18.9755
39.1335
12.3331
31.3736
5.2164
13.414
9.8553
10.4027
19.6431
13.3908
15.7198
19.94
19.7127
30.7252
33.7341
38.4499
29.8006
102.9497
41.1976
65.3984
35.64
34.2745
25.8125
27.1597
23.6913
32.2495
32.2942
26.9851
26.1979
21.1533
14.8986
14.3517
17.5738
15.9863
14.7616
19.2252
20.3544
19.0276
20.4159
25.0457
29.7211
45.6987
46.2245
42.6607
55.8075
35.2141
21.8847
19.0388
29.6934
37.4037
26.2617
17.2067
23.2906
21.5181
8.7558
14.0215
15.0628
3.4978
17.2781
19.2692
19.3939
22.8921
32.7165
35.2033
33.8898
33.9646
34.0676
43.5724
40.6947
38.5139
32.4524
23.5518
19.8484
26.4084
27.5261
16.3373
17.7764
15.1528
14.2805
16.7104
18.198
19.3604
29.5139
102.0578
23.2899
30.1994
27.3623
28.671
31.7388
50.0015
31.3968
37.0021
39.9043
37.0195
40.4612
27.5024
22.3232
19.5991
15.7421
12.2259
2.6746
0.7185
12.8239
13.5233
18.3927
19.7935
19.9296
20.8008
25.3309
24.3574
27.0255
30.4588
30.5335
36.0742
38.6344
36.1662
33.3666
31.3049
27.5531
26.1235
24.0857
19.655
16.2873
14.2001
15.705
14.5203
13.2012
13.5127
16.7723
15.4584
18.4251
18.8027
19.6787
22.4769
23.1976
26.0466
43.7102
36.8809
35.0361
35.2098
35.3309
32.6356
32.7795
36.7058
31.6787
21.5361
19.2373
19.3338
18.8434
18.4921
17.8151
17.9958
18.4576
18.9265
19.3482
20.6202
97.0667
27.484
30.1494
85.4557
29.4653
29.9407
66.8126
43.0679
35.3169
28.9288
32.3349
41.7801
29.1276
23.0706
20.1064
18.3974
18.3843
18.2657
18.0022
18.2065
18.3468
19.0989
19.7597
22.1842
29.3649
18.8153
31.3737
66.0544
31.7848
31.8581
37.3709
27.9195
28.7873
16.5463
24.8367
25.2273
22.3927
22.646
20.2394
19.1566
18.9311
18.5037
18.284
18.2377
18.2464
18.3243
18.4094
19.3939
20.9671
24.8809
44.1061
27.735
30.5952
32.6105
28.0298
29.2632
52.023
44.9882
23.9401
24.1306
23.241
21.3791
19.7687
18.4878
18.0239
17.9423
17.4167
17.6117
17.9367
17.6944
18.0389
19.2224
21.2732
23.0096
23.4535
29.8074
28.0791
27.2227
63.2908
41.6532
29.0924
36.7366
25.5706
21.8374
21.1655
19.7562
18.9096
18.787
18.6267
18.1308
17.7738
17.8338
18.0492
19.2409
19.4053
21.7453
31.5526
26.3732
34.7049
35.6084
28.2848
32.309
31.7812
28.3309
35.8958
26.1031
24.8952
27.2556
22.477
22.6864
21.3238
20.4141
19.8779
19.3668
19.0516
19.1936
19.5693
20.4882
21.3125
25.7618
24.5917
29.8117
50.1496
28.3235
30.4761
32.5425
27.534
26.266
24.2629
23.0802
42.4053
28.2238
24.4259
19.9883
19.0881
18.8808
18.7785
18.5698
18.7501
18.6792
19.3424
19.8032
19.8266
20.4381
21.2978
21.3971
22.9653
37.7353
34.4404
52.0077
36.7852
50.3063
68.6304
31.3258
26.8394
26.4716
24.8517
21.7569
19.6141
17.523
17.3679
16.2422
15.9016
17.4776
18.9065
19.6532
19.568
20.8863
26.9243
39.888
44.2069
32.3992
66.5642
29.4887
26.8623
32.0303
35.7038
46.9244
26.9375
23.3197
20.4923
18.8667
18.0222
17.6037
18.1026
17.0742
16.8658
18.2374
18.6627
19.1347
19.8584
20.5592
20.7644
21.2092
21.684
24.258
28.2761
30.4273
32.5452
31.4547
28.5118
24.6142
23.9309
27.8775
36.5471
20.6614
18.7037
18.9288
18.3302
17.8971
17.7853
17.0522
16.7724
16.7276
16.8775
19.6067
20.5892
20.7587
22.6275
91.2264
39.9736
30.9386
28.3912
26.6479
27.8605
25.3836
24.6198
42.4859
20.3394
18.7526
18.0675
18.2598
18.4009
18.4457
17.4053
17.3657
17.6825
18.0854
18.8844
19.5283
19.3823
19.0647
19.2331
19.6482
20.9957
20.937
21.1644
22.6903
21.878
25.6321
25.7292
24.5673
21.5153
20.5493
16.4122
12.5295
9.6306
4.8437
11.3629
11.1064
10.8406
16.6528
17.4483
20.6446
18.2641
20.878
20.7883
25.3921
31.091
20.1884
20.5546
20.375
21.1893
21.5382
23.1435
23.1416
20.2372
19.2605
19.1334
18.1049
16.2856
17.2257
17.1061
16.8757
18.2042
19.537
19.1918
20.0951
21.1378
21.305
21.137
22.0019
31.8873
25.5149
29.2823
34.3329
25.413
28.0431
23.6852
24.1544
21.4648
19.1491
18.6323
18.8304
18.554
18.5255
18.5155
18.3215
17.0855
19.3746
20.414
20.4941
47.012
24.6706
21.5483
41.2732
35.0807
32.449
53.7315
51.1791
29.4761
23.5007
24.9172
22.8805
18.992
16.6065
16.0899
16.84
15.8541
13.3411
3.8327
14.9663
14.939
16.8101
13.755
18.0237
17.5761
18.4542
18.1957
25.5283
19.0814
21.2519
21.4303
24.3526
28.8115
57.5632
40.4241
23.6502
23.5754
19.6509
17.8298
15.6378
14.2824
13.0144
13.7791
14.9843
16.0008
16.6127
18.0662
20.1402
20.3101
23.1255
44.8791
65.3671
49.9709
35.7537
65.5815
43.5192
36.3077
40.6345
64.5702
23.6842
19.339
0.1554
-3.8765
-10.8838
-3.6373
1.6718
-6.0134
-6.5363
6.1305
11.7992
13.6509
19.4722
20.1298
31.1603
37.3972
41.4752
29.2752
18.4138
29.1765
27.0639
37.8881
36.4061
27.0447
26.7805
19.8733
8.6009
11.531
6.6066
0.391
5.5808
4.192
4.172
8.8801
3.6248
12.3682
19.3851
20.5126
19.2501
20.6831
25.3573
30.396
47.6865
49.5091
43.9692
41.8889
37.7738
22.2765
19.3116
39.9301
10.3674
11.6807
15.6187
10.5789
5.2787
-6.3941
3.5014
3.0897
-3.2901
9.3182
19.4557
19.6918
23.2558
33.6154
37.2049
35.4719
35.4564
32.4457
44.8211
42.3726
40.4544
33.5417
24.1751
21.8963
22.9962
11.9291
15.5361
16.3779
15.035
14.6875
17.0238
18.3709
19.4649
29.7216
102.6599
23.5611
30.4113
27.5811
28.7787
30.7432
25.7075
33.6963
41.8635
47.027
43.0224
46.5754
29.4614
24.565
20.7484
15.896
12.5392
2.7886
0.7073
12.8784
13.5961
18.5277
19.8921
20.2033
21.1364
25.7302
24.7204
27.4404
30.9182
30.9617
36.5506
39.2702
36.6055
33.6245
31.4508
27.5655
26.2407
24.1278
19.7852
16.4987
14.3833
15.9161
14.7042
13.3337
13.6466
16.9653
15.6853
18.7014
19.005
19.7317
22.4965
23.2109
26.0243
43.4272
36.501
34.5264
34.6439
34.8786
32.3525
32.5686
36.6107
31.7685
21.6996
19.4441
19.5494
19.0681
18.7329
18.0971
18.3111
18.7617
19.2256
19.6066
20.8528
97.2354
27.5434
29.8699
92.4584
41.2072
43.1778
69.0142
49.6252
37.2267
43.7981
33.6785
42.2727
30.5145
23.2252
20.2345
18.5731
18.6131
18.5206
18.2843
18.4878
18.6392
19.4146
20.0558
22.4962
29.693
37.5611
33.2607
69.2616
35.0636
35.8394
42.9081
30.148
30.2936
29.1233