77.212
80.1129
54.0962
23.3083
24.3256
24.4154
23.1485
23.1305
22.027
22.5839
22.9052
29.3437
28.639
102.295
197.9407
160.1408
36.2886
114.1187
20.5027
18.6269
25.8531
21.4119
43.2243
23.9772
22.1071
22.4198
20.9538
21.6424
22.9927
18.8359
16.6165
24.5692
19.0876
22.4879
24.1446
31.5638
18.4383
21.5479
28.2664
10.1096
35.9605
78.5941
100.017
69.6144
69.3712
37.8603
24.9142
39.5528
32.5686
29.2234
38.4718
35.0635
20.0359
20.2141
20.3906
20.6356
20.1272
20.0307
23.3938
89.1459
43.7108
34.1741
206.3814
48.2906
26.7849
18.2479
32.3946
20.7368
18.7349
14.2163
14.7421
17.6498
23.157
25.1295
57.0393
15.7104
14.3946
15.6066
13.9185
15.1883
16.0825
15.9943
19.6297
25.1675
19.9133
20.1183
20.1459
20.3265
20.439
20.9337
162.637
24.9769
21.5002
24.1173
19.6953
19.3781
21.0549
19.0839
15.7774
15.3519
14.3523
8.6486
22.1847
17.8322
16.8667
17.9793
16.7733
17.5521
18.0353
17.0125
13.1436
14.8457
20.6584
14.3535
18.4549
36.5288
32.2547
40.7661
35.6766
25.3602
32.1461
19.2981
20.5859
34.7118
32.0917
20.5807
18.7516
20.4932
19.7205
19.5445
20.5682
21.1371
22.4619
23.3084
27.6168
27.4198
24.8961
23.074
22.827
23.5329
22.6563
22.7412
22.9306
24.0454
23.902
26.076
53.4511
20.8006
18.2258
22.9191
20.4933
21.2269
20.3932
21.1194
25.0971
54.2385
24.7392
19.0979
16.7143
17.3675
22.619
20.7385
25.655
24.9927
40.5839
28.9738
23.6175
21.5938
22.744
21.5798
22.1189
20.9196
20.2593
21.603
21.8628
24.5866
42.7552
148.6877
23.5066
30.2065
34.4841
30.6654
23.1297
30.6949
28.9359
25.9448
157.5236
24.3611
23.2008
20.7068
20.6598
21.2115
112.9801
41.5443
24.663
21.3898
22.0464
19.3077
18.7018
18.7185
18.5397
19.3236
20.2839
25.1062
25.3065
22.6837
21.7279
19.2217
19.6922
19.5185
17.1491
19.3533
17.9458
19.6845
19.7236
19.8552
20.787
21.7415
15.7389
15.343
8.3477
18.6909
15.4435
12.6541
15.5761
16.9123
17.7721
28.2486
19.5631
18.3368
37.2364
20.1485
37.4447
27.799
65.2255
51.3654
26.3291
29.5557
23.5496
21.0983
22.3738
33.7399
25.4231
15.9946
13.0735
16.3162
10.1015
12.3317
12.4807
12.7267
20.2053
19.5901
20.1096
21.859
24.3109
22.5856
96.1151
22.4531
21.7534
22.0101
19.9327
20.5005
20.2851
18.5924
19.4765
18.7788
31.8882
40.1206
12.8631
23.2987
15.7861
12.7835
12.5811
9.1622
17.6867
16.4276
17.7407
18.802
19.1581
26.4308
23.5297
24.1364
256.7582
40.2549
16.1754
20.2849
20.4748
18.3489
22.4537
20.7023
28.773
20.1773
24.7736
22.3117
16.9897
16.0308
16.7151
18.4218
17.2436
19.9534
20.5944
65.6944
67.6211
111.0887
21.4409
47.4965
22.2818
58.455
20.0898
19.7481
21.0413
18.2871
22.8999
22.4077
192.7757
29.3202
21.2423
15.7849
18.1508
19.7195
19.3242
18.6006
18.1118
19.8324
19.2322
19.8157
20.0604
22.1215
21.1885
20.4733
19.8692
18.4199
17.7122
16.5653
17.7477
19.3
21.1884
23.2206
20.4575
19.1147
21.7818
20.7703
18.8264
23.7768
23.7559
21.6701
27.1631
30.7909
23.282
28.5928
30.36
31.8275
27.5555
28.0838
21.8278
32.2589
19.4255
19.5844
19.1394
21.7861
42.4225
80.7898
26.4215
32.4513
13.1556
21.0377
14.4866
15.2213
18.73
22.7254
50.6243
57.3107
49.6553
26.1487
34.4035
23.0207
46.8775
28.9225
27.2566
21.3743
17.3299
20.7461
18.1569
18.5617
19.2264
29.6137
18.4869
12.7523
12.8096
18.1506
15.4131
12.6472
51.2395
21.5519
26.4655
15.5982
22.6594
21.99
33.4497
22.3031
46.3267
17.5206
25.1478
25.9195
20.6519
19.085
17.6558
18.9566
21.1381
24.881
21.2426
16.8716
20.4346
23.3134
19.223
18.6377
18.6945
20.273
21.273
24.6026
27.096
89.0209
24.3406
27.5509
24.9883
24.2053
23.2583
23.7
22.7918
21.4958
21.3984
19.3107
19.2327
17.5662
17.3647
1.1063
-1.671
18.5191
14.7073
15.3146
15.9055
17.1207
16.47
24.2063
21.3486
18.698
16.6512
17.4846
17.9561
16.813
17.0279
20.9975
20.6791
23.0765
20.6903
22.6804
27.4501
159.8892
18.7692
24.9173
17.009
20.7297
15.8958
16.6315
22.3762
31.5567
16.333
21.5171
20.8797
41.7975
22.8251
21.3848
21.3876
21.0638
24.0493
21.2784
20.759
19.5865
19.6563
20.8605
20.0741
21.5405
24.0457
34.6381
15.0896
17.6407
17.9729
18.2966
17.4614
13.9956
14.7693
16.2412
16.3959
18.4033
20.865
17.2879
18.6773
18.9952
17.8278
19.2801
17.7002
18.6262
20.972
22.4707
18.4764
21.9269
20.1806
20.4053
21.0753
16.8248
17.149
17.8935
17.549
17.9561
17.8316
17.7219
20.9366
22.759
27.8901
23.3525
24.6755
26.1867
25.5359
36.4285
28.2083
29.4744
26.1051
26.9235
78.2389
80.7453
55.0777
23.7407
24.7927
24.8274
23.6826
23.5704
22.5494
23.2904
23.9197
30.7038
29.9919
110.0781
233.7191
202.2076
43.0771
132.82
22.6486
19.7481
27.0809
21.0782
38.5974
25.817
22.7168
23.8425
21.7365
19.5394
9.2836
17.2848
16.1224
35.8407
25.468
30.1639
34.3154
41.926
18.4992
18.4778
17.6063
16.5445
19.0265
11.4737
-26.5934
-24.8116
-34.2011
-35.1116
6.4618
9.5221
5.597
28.4661
24.1296
19.6388
20.6619
21.1671
20.7585
20.9206
20.2445
20.2487
23.4949
91.4137
49.8938
38.7446
210.2525
47.1401
25.6986
24.5481
35.7989
23.1625
19.1083
13.9089
13.9648
17.1688
22.4785
22.3863
34.0396
11.7371
11.4617
12.4518
11.5737
12.708
13.9494
14.779
18.2415
23.5776
19.8446
20.1031
20.1765
20.4346
20.4535
21.0471
165.2522
25.4857
22.3305
26.0544
23.0171
21.3865
23.6736
20.6781
16.6679
15.7903
14.8206
8.9776
9.705
14.4426
16.972
18.5893
17.7012
18.2075
18.5231
17.6039
13.5833
14.9933
14.234
14.311
18.9827
-7.969
-8.863
-19.3272
-7.3114
11.3353
7.7573
18.4646
16.5148
5.8489
2.3802
10.6634
16.3305
18.5919
19.4172
19.4549
20.4321
21.0996
22.417
23.3327
28.3272
28.0248
25.2662
23.3415
23.086
23.7791
23.0077
23.1525
23.3487
24.4095
24.202
26.4598
54.3096
21.1703
18.4989
22.2333
20.682
22.7426
22.2052
22.9523
25.6739
62.7364
28.8753
21.3169
19.6936
17.661
22.7469
20.9357
26.0154
25.2965
41.3435
37.6369
27.1992
22.8188
23.8063
21.9179
22.4478
21.109
20.2429
21.6947
21.8708
24.6799
43.0332
150.2869
23.7844
30.7249
31.2525
30.4973
22.426
29.2236
28.5626
25.0859
153.9034
23.332
21.9079
20.1718
20.2291
20.8523
20.9206
20.2445
20.2487
23.4949
91.4137
49.8938
38.7446
210.2525
47.1401
25.6986
24.5481
35.7989
23.1625
19.1083
13.9089
13.9648
17.1688
22.4785
22.3863
34.0396
11.7371
11.4617
12.4518
11.5737
12.708
13.9494
14.779
18.2415
23.5776
19.8446