11.3424
20.2963
16.6957
18.2582
19.9526
18.1827
16.3237
19.7546
18.5695
19.5956
18.837
19.0393
19.1275
19.7976
21.3733
22.5592
24.4521
22.7502
21.0271
21.2811
19.8224
19.7377
19.8206
20.5237
20.1186
20.2523
19.3873
25.5846
26.6754
18.6181
19.3644
43.2157
22.4022
24.306
19.3549
19.5036
20.5558
22.6493
23.9131
18.3791
17.6515
16.2159
20.6393
17.1268
22.5708
10.7072
26.5856
31.4187
22.8851
20.3242
40.9739
18.4937
14.556
0.2677
6.487
34.5735
-8.9356
7.5057
-1.9422
14.7452
7.7882
14.7926
13.2819
14.1089
21.8712
18.2463
36.6964
36.516
47.7613
90.0912
22.7725
24.891
34.2773
18.2021
43.8395
16.6805
43.2907
12.8631
12.985
22.977
21.9317
23.356
18.0859
21.5935
21.6105
24.7118
28.5801
30.1477
63.4857
27.5159
23.4109
29.4366
26.3285
21.0041
25.2296
23.8176
18.4191
19.9644
22.8177
33.0571
33.6071
18.3669
16.4425
17.5182
15.4669
14.8976
15.8888
23.0267
27.1207
22.6266
25.0462
32.494
28.0299
28.6445
33.4758
31.7569
34.4076
13.821
19.4988
30.3042
24.9989
26.386
29.3647
50.3133
63.8156
33.7893
42.3791
39.7829
30.4189
25.8671
35.8066
27.3546
27.5747
22.5783
28.3372
33.1125
30.0263
19.2756
21.0456
24.7865
22.5547
23.6616
29.8374
54.0343
49.9498
91.8878
158.4422
73.4881
101.9287
34.2744
24.1233
25.0456
23.2221
22.5023
42.0102
27.3939
106.6282
28.9181
27.0792
318.6891
22.3074
33.1142
19.8313
19.2654
18.1005
19.7588
29.2454
172.7747
32.1825
45.6828
42.2956
58.6309
63.4246
33.6754
29.4965
33.5849
19.9191
35.4777
28.4751
32.1416
35.7854
43.4226
33.0115
12.1904
24.6587
9.8522
17.5493
16.6821
16.602
17.1641
20.5121
23.1799
22.7555
28.2314
23.9729
30.9471
22.1597
30.7537
29.6129
21.4779
21.0908
17.1324
18.974
15.8846
57.5785
55.5485
21.4151
18.4195
15.1517
18.0138
18.4571
17.276
16.9557
18.2111
20.5743
212.7151
21.4938
23.9565
60.6849
18.9595
17.0825
15.7503
15.2146
14.2476
17.2728
16.5057
21.606
23.0629
22.5602
19.992
5.8554
22.3266
18.7756
12.8349
11.5523
13.3596
12.3612
12.8581
14.4206
19.9192
14.2513
16.6055
10.5433
7.5826
18.2526
4.1714
11.6926
17.2782
14.9086
10.6115
17.3695
18.3976
20.5548
22.2575
21.2599
22.8704
29.7708
21.4525
19.9758
19.172
18.2635
18.7381
19.3205
18.5089
24.2081
24.1852
21.9746
19.0817
25.4496
0.5163
17.7906
26.9184
24.3056
29.1545
23.8065
43.3448
100.3947
21.4433
23.3667
21.7604
17.4755
14.9685
17.2793
11.482
12.4768
17.0656
24.3297
273.8062
19.9332
20.8573
19.6283
19.0635
17.7807
17.3616
16.9244
15.9564
15.456
17.328
17.077
17.7808
17.1122
18.4078
18.5755
22.5363
19.2889
18.672
18.1888
16.9202
16.948
16.9123
17.6243
18.8613
18.3356
18.5242
18.4572
18.0912
18.0132
17.052
16.9295
18.8733
17.699
17.5028
18.5217
18.8458
19.6137
21.6427
19.9103
19.4785
20.3295
6.5822
18.009
17.4451
17.964
18.1772
18.0038
18.4877
16.6772
17.3303
20.3078
15.5884
21.5621
21.0251
22.4169
21.8781
21.2828
24.5987
19.9113
20.1759
17.8582
18.4059
18.2175
19.3367
17.3263
11.2913
15.2914
11.1424
13.6254
15.9491
18.051
21.7928
17.0815
16.9261
15.6249
17.2209
18.3762
16.1306
16.8272
20.6049
19.5417
17.701
18.1152
17.7014
19.4246
52.8322
22.7615
20.561
19.927
21.0644
23.4115
22.6529
21.9651
21.7823
22.1117
23.728
24.6439
24.2971
23.5206
21.4611
20.0939
18.7736
18.149
18.1403
17.9609
17.5567
17.6764
18.4064
18.2936
19.7912
19.6318
21.1666
55.0618
19.6224
18.7359
16.9976
14.8304
15.0681
19.3232
16.7824
16.7326
15.9413
14.3386
13.4378
13.0063
4.6975
4.3363
8.9611
11.4118
12.8035
15.8793
15.4704
17.1296
18.3712
18.8657
18.7067
19.9763
21.2561
25.4452
20.8014
19.0702
18.0556
18.2317
18.8141
19.1463
22.7275
18.8673
19.2821
22.0495
18.8386
19.6709
18.5856
18.2744
17.8279
17.5795
21.234
20.395
29.1891
21.817
26.6759
27.4541
13.807
22.4947
21.7905
37.7426
17.9712
21.5329
39.4648
65.7713
19.064
16.2986
12.6138
34.14
10.5942
8.8509
16.5371
14.7569
13.5355
18.393
20.0081
20.6509
20.3182
20.0766
20.4178
27.3002
19.1058
17.5662
19.2135
17.169
17.838
17.3429
17.9132
22.7181
19.9204
17.3026
17.2992
20.4747
15.9101
16.8491
16.6474
15.74
17.1424
21.4672
25.6941
17.3024
18.5036
19.0473
19.0996
20.146
20.0448
19.8753
18.2075
17.7381
18.024
18.2247
20.7308
22.4498
24.3884
20.9621
19.0806
19.088
18.6702
18.06
17.6848
17.4737
18.15
18.4296
18.671
18.2715
19.0666
19.6219
22.1282
34.6115
47.7735
19.9625
19.1457
18.8628
18.5077
18.8227
20.3415
16.1407
20.862
18.1826
18.9806
20.3992
18.4814
17.6311
18.9713
18.3729
19.0591
18.7841
19.0399
19.1178
19.7583
21.3364
22.5925
24.4834
22.7804
21.121
21.4077
20.0009
19.921
19.9754
20.7135
20.3094
20.4374
19.5716
30.1634
28.9087
19.716
21.5562
45.0068
25.2263
27.2288
20.0189
20.3058
25.2864
32.1483
37.7811
20.3847
18.017
17.2631
32.5069
29.9367
36.8154
24.3317
25.8899
41.1801
30.4714
34.4579
49.9379
35.1251
19.4015
2.4637
11.5175
27.1108
-5.5712
8.2382
1.7022
18.452
11.895
20.2629
19.6877
21.2635
28.6867
24.1845
57.9227
52.2946
74.5871
108.8918
28.2427
30.9674
39.9346
23.4877
43.9734
20.9086
28.5762
10.6426
16.3647
20.8944
19.3186
19.7813
18.1049
21.5613
21.9482
26.9881
29.2151
30.2036
61.6061
29.3928
25.6331
39.6306
30.6301
22.3895
25.4504
69.1137
29.0894
37.9882
42.4031
125.2964
40.7613
22.2707
20.1163
21.3577
20.4077
19.867
21.3031
28.4133
195.0892
48.5413
33.2024
35.5246
38.8181
41.5276
47.7038
41.9943
48.9931
20.4811
23.9055
30.7895
28.5511
30.737
41.2453
39.1841
59.4031
30.7141
37.8328
31.7866
29.21
30.2574
36.5644
26.8881
30.4505
23.0667
21.6906
31.0909
25.0558
19.4797
20.8034
23.3327
22.4802
22.5692
29.9835
54.8855
50.4216
94.2572
165.7311
75.7703
99.5638
29.9614
24.7554
27.1997
24.0906
22.56
40.3782
29.7289
110.8539
32.4129
28.6945
316.3422
23.6759
35.9432
22.2353
20.1538
19.6025
20.718
29.1815
173.8027
34.4766
47.788
44.8059
58.7617
51.6099
22.3227
19.0344
22.2979
8.4587
22.6545
16.6839
21.1651
33.0293
43.4363
35.3224
20.1719
21.0614
15.1817
18.074
17.1022
16.7252
17.3125
20.7463
23.4755
23.0768
28.5667
25.3639
46.2957
35.2216
24.059
21.5869
15.2168
13.7721
13.9359
22.3359
15.8909
75.8288
87.9817
37.5475
21.2639
19.6269
19.42
18.7355
17.7831
17.9973
18.4622
20.8288
215.6085