26.1223
25.6471
25.6142
24.1659
23.2553
21.8614
20.917
21.4411
21.7431
20.0988
16.5173
20.8943
20.3322
21.9516
21.5036
21.9617
19.9642
17.7073
17.5533
16.3375
14.4973
16.8358
17.5703
17.9405
19.1003
24.6577
43.2235
32.2156
34.2528
-8.4211
36.6115
29.3173
13.2144
23.8906
20.4419
20.8381
20.598
20.2064
20.1369
20.6544
19.5957
19.3339
20.2587
18.2913
18.2663
18.8945
19.5274
21.0355
24.1383
23.0454
19.6383
21.7794
20.5085
18.5562
20.2674
21.7997
26.6697
25.8454
22.2494
19.1596
23.4763
22.7979
31.0546
16.9443
15.4635
15.5522
16.9391
18.0886
18.8747
17.8538
19.2084
21.4353
23.6049
24.0463
23.337
103.3859
61.2042
25.9958
23.2516
22.236
20.7744
22.1909
32.5026
44.7695
51.8033
41.5253
48.2861
29.2531
53.8891
22.446
19.6457
18.9843
18.8749
19.6114
21.8876
119.1317
24.3358
38.5763
22.1185
21.934
19.2035
18.7013
18.4066
18.4654
19.0051
19.1574
19.5078
22.3498
30.117
3.8626
4.8703
60.607
25.0782
13.0944
20.8353
17.5654
22.6551
30.5485
26.5414
29.6745
44.9231
42.2409
87.2221
22.9039
20.1049
19.0405
18.7865
18.7328
18.5878
18.2474
18.6934
18.1123
18.3276
20.3307
18.3525
22.8408
23.4103
24.714
50.1484
22.1323
21.544
21.8469
21.9569
21.1175
22.2812
25.6232
22.442
19.1128
18.861
18.0721
18.2527
19.3198
20.0384
21.2709
19.9331
20.6108
26.4851
66.5784
23.2636
25.8317
35.1906
25.6221
21.8473
22.6278
20.4203
19.101
11.9864
22.9922
19.0389
16.2841
22.4033
40.9812
26.6566
25.8844
34.3898
18.2666
18.2831
27.0542
19.635
28.8728
21.1913
16.8143
30.3637
19.2796
24.0039
23.1981
22.7497
21.8109
18.0838
17.3033
17.18
12.1518
25.6595
12.344
20.3562
15.5041
17.3676
9.9694
13.7378
13.3662
13.3131
15.6578
16.3557
18.753
18.1818
18.5648
18.8504
19.6299
22.6374
34.6258
25.3747
22.1807
20.863
20.1046
21.4199
30.6797
31.9743
22.6691
23.5216
20.741
20.6913
20.9915
20.4733
19.6445
20.4794
21.2443
21.3611
20.2066
23.3034
-9.0856
57.487
29.7997
27.613
27.605
27.6835
25.2888
23.9976
23.5254
23.2753
15.2553
193.355
24.3268
24.237
23.3217
22.3769
19.7059
20.4934
20.7291
20.145
22.2934
24.7173
40.8194
25.1362
25.5724
28.2228
54.6328
24.3639
39.3359
20.2104
19.0609
18.7998
16.9645
21.0698
19.3817
21.423
22.2969
22.95
20.6137
21.1889
19.0109
19.2138
17.5348
17.6096
17.4239
18.9438
19.4524
23.3267
18.7826
22.8672
20.3307
19.2481
21.3102
19.5952
19.4314
18.8361
18.7253
18.4256
19.3462
16.456
15.1477
15.5692
13.8767
15.6956
11.3246
11.2481
12.7753
16.2982
14.5187
16.9634
22.4193
20.3022
19.6936
18.3045
19.9424
23.4982
22.5127
18.8109
17.4009
17.2712
18.3777
20.4833
16.8225
18.9911
14.6296
26.8528
13.667
13.7322
11.7076
4.9267
8.4153
7.0041
1.7029
10.4054
16.6513
17.9515
17.9312
17.6846
20.6432
18.9127
18.6905
19.0481
19.3339
17.6881
17.4147
22.2749
16.7246
16.2651
16.065
10.1555
13.1672
9.9763
-10.0109
8.8592
2.9722
7.5448
10.8377
5.9062
14.7858
13.103
18.4976
18.003
18.0519
20.6125
22.0752
21.9634
28.2737
31.3825
24.672
28.0715
42.8025
40.5763
42.3181
19.5778
19.6398
18.378
19.7871
19.9899
19.4203
18.3454
19.2549
18.4359
19.4324
15.5514
18.2236
20.0167
18.9794
21.4053
19.2412
16.332
15.8281
20.4052
101.941
87.2742
24.5507
122.2589
37.8037
17.8832
17.4355
18.106
14.5991
17.7488
13.5634
13.0525
13.9117
15.0837
8.6331
13.7508
13.7012
18.6415
14.1187
10.5114
12.302
11.4838
10.127
9.0947
11.7233
10.0833
16.4738
18.0312
18.1789
16.2565
13.8479
15.5993
7.7344
16.4667
13.7001
11.4605
14.0927
9.0029
20.0826
36.7594
33.6188
39.4004
64.1536
76.422
40.732
162.9515
300.1476
100.721
125.5134
59.3659
100.5905
42.2831
93.6291
91.0148
19.4531
66.8743
19.5742
19.5873
20.597
28.6895
17.3514
10.3902
44.2968
60.5607
31.504
35.8672
34.0561
192.2339
22.5778
79.652
17.3543
12.8638
21.7111
21.0801
24.9826
21.9363
20.8083
20.7221
22.7988
20.3298
19.7577
19.449
18.7086
18.4784
19.4593
20.5119
23.6639
24.3335
28.4326
24.2117
31.1331
96.72
28.263
25.3017
77.6925
27.9548
96.9979
29.2727
61.6462
28.2724
73.073
28.3022
29.126
25.0583
23.5443
33.304
25.7243
23.4864
24.4944
27.2204
44.8257
25.7955
30.1915
29.3487
29.9835
32.2162
96.4749
40.4832
46.95
25.2966
27.6978
30.6005
28.9697
25.6806
27.6145
75.9527
25.0375
23.2608
24.4621
21.0082
20.0974
20.2166
20.4813
19.8562
23.3234
135.1463
46.9975
24.3316
26.8187
25.7771
25.9647
27.6222
43.7553
35.3263
22.6736
21.6881
21.6484
26.1776
25.7518
25.7848
24.3444
23.2694
22.0718
21.1042
21.5415
21.8971
23.4941
34.6996
21.2195
20.7097
22.42
21.9342
22.4988
21.4822
19.2036
18.9611
18.4199
17.7365
17.5254
17.9611
18.2423
20.0026
35.1351
65.3499
48.8801
56.0142
2.7559
53.3039
45.437
18.9816
34.9228
27.2988
24.134
26.3665
20.7552
20.8161
21.0577
20.548
19.9587
20.6187
18.784
18.9443
19.3992
19.9849
21.591
24.761
23.5423
21.0471
24.8202
21.0401
19.6867
21.3448
24.1947
32.3938
39.0547
29.1194
27.7626
31.5893
34.4177
51.349
29.4343
19.3153
17.2761
19.7526
19.7438
23.4825
18.2365
19.2718
21.49
23.7596
24.3233
23.7486
105.5888
62.3852
26.5362
23.7269
22.7156
21.2847
27.8576
35.8348
46.8478
55.2806
44.8752
50.3764
31.5429
63.0448
24.8826
19.8606
19.1854
19.1245
19.9215
22.3844
122.1016
24.9138
41.375
24.1878
25.5984
19.8839
19.0727
18.5371
18.5323
19.0326
19.1951
19.608
20.3747
26.6974
51.0689
72.1002
181.9842
195.15
42.2754
27.3184
40.1051
23.014
28.9899
26.9171
27.6652
45.2608
43.2939
89.4684
23.6066
20.7347
19.4332
19.2394
19.4089
19.213
19.0272
19.7656
19.8859
21.6934
23.18
23.374
23.6538
23.7061
24.84
50.2431
22.3332
21.6697
20.855
21.5913
21.2079
17.4147
22.2749
16.7246
16.2651
16.065
10.1555
13.1672
9.9763
-10.0109
8.8592
2.9722
7.5448
10.8377
5.9062
14.7858
13.103
18.4976
18.003
18.0519
20.6125
22.0752
21.9634
28.2737
31.3825
24.672
28.0715
42.8025
40.5763
42.3181
19.5778
19.6398
18.378
19.7871
19.9899
19.4203
18.3454
19.2549
18.4359
19.4324
15.5514
18.2236
20.0167
18.9794
21.4053
19.2412
16.332
15.8281
20.4052
101.941
87.2742
24.5507
122.2589
37.8037
17.8832
17.4355
18.106
14.5991
17.7488
13.5634
13.0525
13.9117
15.0837
8.6331
13.7508
13.7012
18.6415
14.1187
10.5114
12.302
11.4838
10.127
9.0947
11.7233
10.0833
16.4738
18.0312
18.1789
16.2565