24.5796
22.813
22.37
21.1665
19.1556
17.3093
17.4163
10.8305
14.8788
14.756
16.6395
16.9866
19.8469
20.7032
21.3049
3.2361
24.0583
25.8012
27.8713
33.5928
33.6548
29.661
30.1192
30.1059
24.3702
26.1898
34.9926
23.1785
16.968
20.3284
17.3332
16.6037
15.6592
35.7041
26.7804
17.3441
20.0017
23.246
50.0523
62.8801
41.0575
49.0021
120.1961
38.3827
20.8036
22.7596
30.9487
27.7566
24.3573
29.1975
37.6069
18.1608
19.8182
15.1938
16.338
15.6649
14.7324
14.82
15.0191
13.742
19.3519
19.9408
20.563
24.6503
-18.4665
22.578
25.5643
25.5721
25.5497
31.3665
34.9118
28.1518
21.8768
21.9145
22.1581
21.363
21.3023
18.6774
18.126
17.4014
17.5585
17.7857
19.2211
19.5981
20.1608
151.176
40.8099
24.2872
31.5678
37.7891
33.4121
34.0489
94.2663
34.4173
32.2945
50.1668
29.4978
36.4438
45.841
23.9259
22.8415
20.178
19.0727
18.8328
18.596
18.5639
18.7861
18.8976
19.695
21.5844
33.2508
118.4144
32.4347
30.6478
31.3331
31.1401
28.9829
35.8537
33.7768
29.1015
25.8601
22.9691
24.5373
23.114
20.5151
19.3271
18.1379
18.2318
18.9648
18.5101
18.698
18.2553
19.4261
21.1462
22.2553
30.0409
35.0661
31.3489
32.1245
34.3875
62.0443
29.0885
27.4859
27.3008
25.6723
23.2199
22.4549
20.1244
16.4276
15.7186
15.8091
15.9412
15.5248
16.4157
17.2673
16.9448
18.5908
22.2254
22.3362
24.2403
70.4643
34.7958
30.9393
36.907
41.7204
115.9874
68.0667
32.6218
30.0405
25.3727
25.1588
19.4864
17.9309
16.8834
16.6692
16.5775
15.6232
17.6211
18.3252
18.3629
19.583
25.3292
95.7748
28.7267
121.3432
58.9206
18.8779
41.5114
103.4509
104.1876
26.1162
48.5157
24.4494
31.5321
25.5574
21.8508
19.3511
18.6074
18.7164
18.6124
18.1408
18.501
19.4063
19.3141
20.2916
28.3667
26.0719
28.0996
34.1178
29.9958
37.8703
34.6631
35.1682
33.7176
30.5355
32.4291
32.5792
28.9017
24.4524
20.6924
18.9726
16.6101
16.6769
17.9482
18.1326
18.0811
18.819
19.0184
20.2019
23.9238
25.9414
24.9762
29.2769
36.4177
34.9929
34.9792
38.9692
36.4918
35.1026
26.5031
31.4525
28.7678
23.8402
19.8281
18.1565
17.3412
18.4977
18.0075
17.1489
17.8932
18.713
18.7619
20.8557
32.356
33.2862
31.433
54.9486
33.2273
37.5562
36.3454
51.5836
34.7994
33.5415
32.6896
60.2748
39.294
26.1214
25.5095
18.5044
18.6669
18.7267
17.0716
16.7422
17.0612
18.474
18.9684
20.2817
23.4231
23.8906
27.2145
39.904
35.2488
33.6003
32.9353
35.1268
34.0798
28.8748
28.6587
36.1471
30.2899
24.5623
21.1764
20.9331
19.0746
19.6941
19.7533
19.0315
19.0833
19.2729
19.0382
19.894
21.2841
25.9685
27.0099
34.7525
32.0344
31.5083
30.6956
29.4921
29.4515
28.2605
25.4861
24.4424
23.6259
23.836
21.8784
19.2956
18.5122
16.7106
15.9563
15.4751
16.3341
17.3348
16.9648
18.4449
20.1907
22.1922
24.8139
30.7949
33.7647
33.0213
32.6474
30.6976
35.1245
32.742
31.9872
38.7348
105.7297
35.8058
60.9122
21.2216
20.6732
20.5305
20.085
19.2081
19.4533
19.587
20.1858
20.9088
37.7035
25.1942
28.2087
36.0277
175.0149
39.7091
32.8976
39.2111
38.6777
35.2567
33.7183
32.226
32.1602
27.8195
21.8548
20.6915
19.0814
15.9317
15.6921
16.5721
16.8749
17.4315
18.477
19.0595
19.4959
21.1117
22.2371
22.0284
22.2404
25.1991
24.1879
24.6003
26.5028
27.7395
26.2223
24.6575
22.1653
21.2742
19.3993
18.6967
15.8078
17.1091
16.7179
18.5404
17.9286
19.4638
19.6541
19.1334
20.2783
21.0419
26.4154
25.1031
27.8528
28.0833
30.0382
30.0858
31.7104
32.9168
37.4061
37.2348
26.6904
23.6694
20.2941
18.7282
14.5052
15.9933
14.9483
14.4429
14.1335
17.2582
18.4454
18.7376
20.2249
23.8775
25.7373
28.5224
28.6799
32.9215
35.7379
33.1973
31.3224
29.3459
24.6727
25.7471
21.8154
26.3698
20.582
18.9932
18.2791
18.5509
18.3538
18.0061
17.5774
18.1467
18.3235
18.8845
20.6123
23.6961
24.9572
29.5502
32.3011
41.9783
63.693
33.6564
29.118
30.4493
37.6189
47.5364
26.7505
21.8383
20.1942
19.2937
19.3414
15.9113
17.1434
13.7245
13.2393
16.6033
17.0344
18.2603
19.3132
19.7423
21.1723
24.1554
26.0264
83.0238
65.0595
33.866
43.8602
71.4017
63.878
29.7045
38.7056
33.2681
25.3325
21.1009
18.4727
27.9707
14.2912
22.4914
20.2876
17.1072
12.5124
12.8412
29.6969
20.8904
27.2886
23.9829
43.0153
28.866
53.8938
24.3637
82.9476
54.1949
45.773
33.8364
46.6244
24.1353
21.1927
30.9935
18.7289
20.0314
17.8668
16.74
16.4833
18.1959
18.6233
19.4332
20.8541
22.194
52.0289
28.6437
27.1683
26.585
40.7704
29.3385
183.3324
34.9914
44.3535
24.693
23.0454
22.6331
21.4179
19.414
17.6024
17.7209
11.0364
15.1201
15.019
16.941
17.301
20.1196
21.0108
21.1142
20.5842
24.0102
25.6154
27.7451
34.2458
34.0977
29.7169
30.0717
28.5011
24.6848
26.8003
33.7586
23.3238
17.6386
21.3202
17.9851
16.9535
16.2971
33.2243
24.815
17.3116
20.0902
23.0573
34.4414
37.2556
35.8029
41.4829
120.7737
33.2341
29.6802
29.8533
29.8324
28.2173
24.5044
21.5522
18.5728
18.36
17.7551
15.7787
16.574
15.8147
14.9554
15.0238
15.1784
13.8694
19.4095
20.1202
20.7677
38.1638
43.238
24.7914
26.4068
26.2476
26.4794
29.8793
31.1051
25.0278
22.2462
22.3098
22.475
21.6577
21.6212
18.9767
18.4234
17.706
17.8272
18.0505
19.4681
19.8721
20.4207
153.4079
40.9325
24.6319
32.127
37.4641
33.2946
34.6313
97.993
36.5092
33.8476
51.8575
30.5116
37.2036
46.6184
24.3012
23.1595
20.4978
19.4087
19.265
19.0138
18.9552
19.2178
19.3565
20.1178
21.9628
33.8491
120.8344
33.7358
31.9292
32.7322
32.476
29.0083
30.2665
30.0846
28.2799
26.1671
23.3124
24.9466
23.4992
21.298
21.235
19.9402
19.9205
20.3589
19.8648
19.9244
19.8661
20.0149
21.6398
22.7019
30.677
35.7243
32.1332
33.0771
35.2071
63.4254
29.8386
28.202
27.9117
26.2334
23.6953
22.8944
20.7416
17.3106
17.4837
16.4487
16.8153
16.1908
17.6458
18.2568
17.7803
19.1119
22.6877
22.7273
24.7044
71.7701
35.4572
31.843
39.8908
43.796
118.9986
69.4582
34.059
31.0957
26.6158
27.5119
19.963
18.3221
17.5601
17.5412
17.2738
16.7212
18.1488
18.8159
18.8131
19.9838
25.5172
96.9369
29.059
122.272
59.0341
44.6114
59.195
121.8516
139.0134
85.7503
84.4151
60.9274
31.6236
25.0182
21.8814
19.4976
18.8182
18.8964
18.8676
18.4163
18.8036
19.4025
19.5563
20.5669
28.6424
26.2507
28.4818
34.4343
33.1027
39.3353
36.1646
38.389
33.9467
30.4465
31.4845