55.7502
53.2055
54.3706
51.1723
48.6222
64.2174
28.9559
34.6064
52.4177
60.3428
54.4935
103.3313
98.2606
76.848
84.3289
63.1193
62.0912
77.6974
126.6949
71.3242
50.6083
136.6526
104.5792
68.4612
165.6886
188.0655
37.3017
40.1061
50.1522
58.1002
84.5183
71.5143
69.4117
70.6973
95.0991
72.2872
80.0703
56.8196
69.1964
67.8156
69.1635
48.8408
51.2836
50.2626
49.9862
55.6782
81.1007
103.0641
70.5122
87.9335
139.6121
55.2393
101.4143
47.7845
36.4172
46.3126
49.16
37.7637
43.1286
40.7074
40.3477
61.9815
56.4446
56.2563
94.2914
95.4994
64.902
54.0022
30.9359
30.6242
31.9701
57.0141
50.5484
28.0312
60.1539
70.9966
26.5123
34.8771
26.474
35.6885
38.0919
50.0455
52.3893
52.3362
43.2418
97.9078
62.7084
42.1968
47.9284
44.6639
41.5464
36.0117
37.0198
38.0946
25.7552
34.5642
30.9591
21.393
26.9345
33.6751
35.0094
22.5949
28.2682
28.205
22.6045
27.9128
24.4643
24.8129
22.8651
23.8681
27.5163
23.6033
65.3268
23.9853
21.7986
19.4339
18.5655
18.1534
16.4304
22.503
9.5863
10.0619
44.3319
29.6448
36.6965
21.2979
69.2839
45.5102
20.7583
23.3817
19.2566
18.9815
13.541
17.9932
17.5468
17.9182
17.8466
18.9931
19.086
17.1344
21.8012
19.8436
22.6632
68.391
18.7426
18.8774
19.4112
17.633
17.4168
16.2265
17.1255
13.4732
17.2568
18.3881
19.1042
18.6178
20.6992
21.8467
22.0731
22.8572
35.2159
23.2039
24.7602
22.0913
22.399
20.637
20.9784
19.5243
18.9062
18.1143
18.5964
18.0622
16.6125
13.339
5.4802
15.1988
13.6376
12.9447
19.853
18.96
41.5469
18.7843
18.5066
19.9825
20.7803
21.014
20.3061
114.2878
20.5413
19.9233
20.2099
20.5812
18.9276
17.1016
16.1201
13.7702
10.6925
10.886
12.215
14.034
10.4716
13.8523
16.3893
18.2024
28.1815
21.8546
19.9365
20.9117
20.174
17.0293
17.6517
17.1226
14.487
18.5923
16.0152
21.0109
18.995
19.057
18.9516
18.377
21.6
10.233
17.1424
11.6506
15.8598
15.6253
28.3156
20.1015
18.1887
38.1469
18.7513
19.0514
18.5597
17.6063
18.333
22.4539
17.3072
18.7262
13.991
15.9767
21.4662
22.2237
23.3446
23.5161
22.2801
22.3813
21.7361
22.2836
24.2083
23.3271
22.9186
31.9268
38.4463
70.6119
83.1963
318.2138
31.5131
31.933
27.0906
26.0693
25.1906
24.2712
26.5293
29.7751
26.9382
25.6792
24.4689
23.9322
25.6151
22.9514
26.2282
24.7344
25.5687
29.2135
32.572
31.9191
26.931
34.6341
36.7436
62.1229
41.6502
37.3853
29.1442
26.9798
24.0226
23.6935
26.2052
23.8181
28.5435
28.877
27.9322
32.8434
42.6075
21.6077
44.9703
33.5282
71.8591
55.5346
48.4809
76.7957
399.1405
118.4764
28.5
28.0422
28.4261
27.207
28.5704
27.1623
24.5489
22.478
26.3412
27.7097
25.3037
21.0884
31.2683
32.3478
38.967
56.1061
65.6261
41.8199
66.146
43.6503
66.8923
68.7402
65.4746
42.805
20.2428
31.4909
20.3516
20.2755
19.2712
19.9014
15.963
17.0472
20.9501
41.7641
25.73
29.4819
24.3422
23.1441
25.8868
24.3348
22.8015
23.6163
26.2039
29.2039
26.8883
32.5267
16.5245
40.4784
45.7737
35.4729
73.1595
105.157
35.6638
36.0054
31.3026
32.8656
39.6726
193.5454
89.4653
59.2278
92.4123
73.9243
118.2795
52.1541
47.5689
55.915
68.804
62.403
69.3561
123.6084
119.3033
110.2676
68.3362
52.643
64.1202
32.6511
22.5258
18.7231
20.0649
20.0805
23.1134
28.752
45.833
46.0416
67.8711
43.4873
66.6314
46.836
60.0577
60.1982
55.8473
74.6584
90.4443
210.4062
223.3584
119.56
74.0076
36.8086
23.5662
20.3821
24.1013
17.9511
24.2734
20.8944
27.8233
58.4138
59.7922
57.9724
37.2852
13.4404
34.5577
45.7524
20.3638
51.0992
16.6728
48.3502
29.3663
38.0515
18.4295
17.9356
27.1023
26.0717
22.0314
11.8489
16.6331
14.5657
13.9674
22.8691
17.4375
13.3036
17.0885
16.9896
14.2707
11.9413
14.056
12.8715
13.5811
17.2801
14.3972
18.6306
15.9826
18.0099
15.6284
17.8921
18.4693
18.8027
19.0614
20.7922
20.2883
18.1587
16.5666
16.3506
15.8686
17.8194
13.553
13.6692
14.3678
12.1824
14.7573
11.6517
14.9655
16.0284
12.044
13.5942
15.7264
16.4113
17.0537
17.6977
20.8298
20.3591
20.7228
19.8018
27.7086
17.8149
12.0206
13.0596
17.5262
21.8083
19.5341
19.6264
19.4899
16.572
15.7892
10.0684
7.0416
8.4535
-3.5257
12.9405
10.9173
15.5042
20.0293
20.2001
19.3991
17.7177
19.8765
19.1019
19.2031
17.8517
17.3194
15.296
16.0702
18.009
23.9666
22.5465
20.3141
19.8929
18.6115
26.3834
34.0454
25.012
26.7529
34.0497
43.9368
74.9665
76.8937
38.4709
27.2519
83.8384
24.5291
25.5192
23.9348
20.9352
19.3476
19.2462
19.412
20.8618
52.4703
58.8093
55.8081
48.9998
51.4562
76.1993
43.4193
68.7103
80.3222
83.6271
71.0259
90.9619
121.9655
95.5309
84.941
64.8725
54.1623
68.0273
92.984
73.9674
59.1841
122.7141
91.7565
60.6649
161.0779
152.2614
65.4986
70.3997
57.2502
56.492
52.2177
33.4046
35.1839
34.5594
53.2899
44.8911
64.6359
45.5793
46.1415
61.3867
51.6227
47.6357
51.6405
50.6773
50.4069
51.9783
68.9653
94.7418
70.8849
88.8063
184.1687
55.7821
102.1184
47.9935
36.5333
45.3312
44.9445
37.8173
43.05
40.7003
40.3528
56.9639
51.0135
53.459
72.2553
59.8083
52.0557
43.5428
25.7366
29.0837
30.4156
47.72
41.4855
25.1941
98.0518
126.0734
22.9622
36.4697
24.9625
34.247
37.0338
55.8951
58.1598
61.7496
45.2206
95.1136
64.4635
43.6902
44.3437
40.4018
35.583
31.6934
28.4117
30.3557
24.5282
31.237
29.7749
21.277
23.3945
26.1384
33.7708
26.2329
28.56
32.1546
23.5096
29.0509
24.9711
24.9745
22.8328
23.8352
27.5553
23.6371
66.4834
24.1304
21.9664
19.5768
18.7521
18.3379
17.2423
50.7265
49.6602
25.9641
35.6718
14.5018
15.5456
21.5662
58.2696
37.7343
20.0587
16.7758
19.9615
19.6615
14.55
18.7571
21.1928
18.9396
18.8391
19.7607
19.8815
18.0833
22.4561
20.2604
23.486
69.01
18.9666
20.2935
20.4339
18.7512
18.5167
17.2313
18.0095
14.6053
18.0695
18.9228
19.2759
18.8398
20.841
21.8189
22.0358
22.9472
30.1566
22.8526
23.5226
21.9842
22.1731
20.7211
21.0604
19.6575
19.3125
19.6299
20.0913
19.8399
17.9691
14.549
6.4954
21.7427
13.8585
13.5704
27.9879
20.9771
134.8506
19.2304
19.0416
20.425
21.1643
21.4225
20.6501
116.4327
20.8962
20.2694
20.5806
21.072
19.6653
19.7587
18.7189
16.1631
13.1149
14.1165
14.1174
16.3818
12.5328
16.0046
18.3998
20.6724
30.7128
23.9774
25.7917
22.5391
20.8439
17.6268
18.1752
17.5052
14.9792
18.7679
16.1561
21.2328