22.4074
24.2189
21.8144
18.0818
21.2531
21.5675
13.5242
16.3207
14.5971
15.2935
14.7467
16.2985
17.8807
17.9214
18.9825
33.3082
30.302
30.4429
52.3906
62.2863
44.0577
42.0815
30.5354
23.8572
22.2558
21.1055
20.8287
20.5822
18.2707
17.4536
17.2181
16.8045
15.9889
15.6663
16.3365
15.7293
18.3985
21.465
19.0458
19.0715
19.7905
22.6454
23.3424
45.7259
44.9294
153.5543
262.9563
25.6913
25.0016
23.4985
24.085
20.46
3.5265
11.5244
14.3136
13.3682
13.6127
15.9245
16.933
18.0211
18.7772
18.9709
18.6742
18.5386
19.8552
21.3952
23.05
22.8745
25.1268
23.8607
24.9683
22.5787
21.6024
20.9143
18.3607
17.128
13.7425
13.4269
12.2071
11.6753
11.2932
13.2488
14.4942
7.4293
17.7896
20.4371
21.7243
24.9602
26.7908
28.8571
30.113
72.8141
71.7103
30.1153
29.4138
28.332
26.4001
23.7966
20.6142
18.7512
16.9624
16.4071
13.9337
14.2305
14.6406
16.4658
19.4261
18.0657
21.2653
27.3284
52.9417
31.4323
27.7926
29.318
30.3009
30.8651
30.3757
30.3851
29.0578
28.1318
65.7246
29.2797
24.6226
21.232
18.7083
14.7805
17.884
9.5001
11.9461
13.2312
14.3049
16.1401
17.2108
19.1752
19.6762
18.8603
21.0447
49.808
22.3743
24.68
25.5635
49.4342
81.8209
35.3041
24.5348
21.5026
21.3312
19.7162
19.4284
18.4621
16.2469
16.5259
16.2711
15.9804
15.4106
19.2201
20.223
24.0428
28.3768
61.2118
27.2961
29.7374
101.4353
33.7246
36.2188
31.767
30.951
29.8566
34.2832
57.5635
23.1851
21.424
16.1476
11.5194
13.1538
10.4826
7.8199
6.0453
14.327
16.0701
22.4915
24.4616
19.6885
21.4813
24.4176
25.9942
27.22
33.7535
29.6714
30.5995
31.628
28.4151
27.6107
22.9841
24.9513
18.689
16.4689
17.3717
10.2226
4.3819
3.9517
1.1297
-1.675
-5.0435
17.8993
19.0616
21.9016
26.982
30.0364
28.6345
31.5517
32.9654
30.7898
32.596
33.4412
30.8271
26.3052
39.9231
31.4324
23.0025
20.5419
26.6956
17.0143
16.8578
15.0762
16.7953
16.6235
16.6286
20.3588
26.9499
38.5503
27.1936
27.6691
35.7727
32.8876
32.3273
63.1658
72.3621
40.6585
37.5734
37.5622
49.1664
35.186
36.8638
20.2618
20.3409
18.6934
17.4647
18.2027
17.8658
18.7327
19.2977
19.2163
19.0333
19.1821
19.673
19.2072
19.6891
21.8305
21.8917
24.9309
29.6684
28.4074
28.2564
26.0462
26.9339
27.7008
22.1724
20.8969
15.9722
18.3507
17.8135
14.5511
17.699
19.0133
18.9294
18.7689
23.6549
30.0192
47.3397
318.8391
83.4954
51.2599
123.86
35.3118
32.1213
30.5142
42.6158
37.7877
41.5218
22.4309
22.2404
20.8829
19.431
13.8417
15.9491
16.0565
16.7565
16.175
17.4558
20.5043
20.8482
24.0547
106.5126
54.9622
48.0844
44.5268
75.639
77.1883
81.4691
66.8827
90.755
26.9534
30.105
25.421
47.6938
19.7842
39.0371
22.738
14.3367
19.3586
15.261
16.0529
15.7109
19.6913
21.0968
21.3191
33.0446
22.5334
32.8568
38.8436
34.1565
41.537
40.9875
36.493
39.317
29.7128
27.5122
27.6321
25.0422
23.0867
18.5788
16.9833
15.2686
15.3184
14.6095
12.2996
13.9844
20.9123
17.9923
19.2148
23.0243
32.4096
27.7606
28.1555
31.3869
29.8471
31.657
34.3382
37.5391
27.1598
25.7013
35.3012
24.1
48.1062
20.4719
18.2226
18.1742
16.8432
15.851
15.3797
14.1624
18.651
19.7605
22.0058
28.3129
25.0698
26.6639
50.8022
32.1173
38.1653
40.0087
55.6337
35.693
43.6136
25.7524
33.451
22.2483
24.9291
19.0706
18.7019
18.1774
17.1671
17.8241
18.6499
18.6039
21.1291
25.787
42.4943
30.5506
74.9589
39.5743
66.2098
43.7528
38.6081
32.5559
27.3462
28.9028
31.3796
32.6666
37.051
23.0973
15.7336
18.4889
16.3261
15.6734
15.4757
16.6458
18.0313
18.1216
20.776
23.056
23.6696
59.4711
34.9046
32.9258
29.1425
28.2612
31.512
27.4909
26.7859
28.9197
26.9892
23.4334
23.3764
20.8061
18.6991
18.5367
18.2029
18.9493
19.7361
19.742
18.9477
19.8866
35.7026
26.5579
24.3838
28.2651
26.3986
123.9433
227.6452
29.095
413.1094
25.2287
18.8972
31.5865
31.0203
26.8143
28.4525
23.4041
20.1583
18.6844
18.1432
17.1574
15.8977
15.1961
17.4362
18.1101
19.8108
19.262
19.5458
19.9695
21.2643
25.2439
50.7366
32.9571
49.7744
25.3891
42.3056
31.1606
24.6866
24.5605
23.5639
21.701
19.5399
18.4106
17.9987
16.4348
17.3755
18.6192
18.9825
18.9491
21.0952
20.7752
15.2782
22.3089
23.5836
23.6886
27.3888
32.6592
29.6121
44.4278
105.5305
27.2145
20.714
22.0287
20.0446
21.7468
17.1375
17.8349
18.6239
18.8671
18.2286
17.5732
19.5359
19.2901
19.7985
21.3609
21.4676
21.3079
23.2065
75.5086
39.6432
103.4894
59.4761
139.7268
31.6589
36.7257
23.6541
26.128
22.359
19.1358
22.8725
24.4467
18.3158
18.0544
17.179
17.3168
14.9142
16.4532
18.0794
18.5199
20.7995
32.2899
32.2532
28.2813
47.0048
68.0315
48.3495
45.7121
31.7744
24.5409
22.6986
21.483
21.1463
20.8631
18.5888
17.8393
17.8169
17.6129
17.102
16.7694
17.0155
16.961
19.2457
22.7662
19.7481
19.8613
20.6481
23.8506
25.1639
47.3451
47.8737
159.7745
271.4206
27.4898
25.4106
23.6855
24.134
20.3934
3.5034
11.54
14.379
13.47
13.755
16.1321
17.2084
18.3825
19.0318
19.981
20.5735
20.4559
21.7355
22.924
24.6815
24.1302
25.4291
23.8919
25.0289
22.7771
21.8202
21.0675
19.4745
18.2719
15.4094
13.5498
12.7371
11.7957
11.3593
13.4228
14.6235
7.5267
18.3448
20.6601
21.8643
24.8652
26.4911
28.8391
30.0699
73.047
71.9961
30.1298
29.4343
28.4408
26.4601
24.1044
21.0993
19.4954
17.1318
16.4054
13.4793
14.2637
14.8265
16.6371
19.6044
18.2384
21.4718
27.6103
53.4662
31.6529
28.0446
29.6355
30.6877
30.8634
30.7694
30.5918
29.2034
28.5204
54.087
29.515
25.3577
21.6856
16.5605
14.8318
18.0849
9.6158
11.8807
13.0844
14.0714
15.8029
17.0632
19.2574
19.6404
18.6501
19.1544
44.8788
20.358
20.418
20.811
29.5717
51.1045
22.9395
20.2881
20.0133
20.855
19.7741
19.5471
18.602
16.5114
16.784
16.4067
16.0935
15.5333
19.3365
20.3946
24.363
28.3552
23.0902
26.1058
30.4812
92.9027
33.13
35.5511
31.0812
30.0331
29.8825
34.3729
57.6673
23.5904
21.7514
16.2803
11.6032
13.2062
10.4905
7.8043
6.0501
14.0838
16.0773
22.4299
24.4723
19.7414
21.6475
24.5459
25.9385
27.056
30.1227
28.6956
29.2182
30.1577
27.9346