18.5331
18.4841
19.9751
25.0003
18.5324
13.7633
14.6962
15.4612
15.8038
11.5616
16.7971
15.3638
31.1521
17.1684
16.7038
19.0662
11.6105
15.3796
14.5371
11.301
16.2269
13.7331
15.3004
27.7081
27.3932
22.9402
31.1864
19.5795
15.8296
10.7613
36.3535
22.2078
17.0834
24.5417
20.5266
26.1873
26.922
24.7232
23.3471
18.0215
22.1849
16.9889
14.588
16.8871
16.9169
16.9865
17.7971
19.3338
16.9534
19.7256
23.6651
28.6349
21.9538
11.6441
17.4452
16.8832
3.354
22.2054
33.1093
16.1218
13.565
51.3186
34.5827
23.9209
28.1447
27.8749
19.9565
19.0569
11.4091
22.6311
41.8692
35.8499
79.1499
33.7931
54.3096
16.0199
21.6463
8.4848
17.9976
-0.2126
8.5404
5.7335
10.0874
12.7446
7.679
16.0757
14.4239
15.745
16.5387
15.5298
15.9026
17.6125
16.3056
16.1965
15.5651
15.5546
443.2673
28.1771
20.9353
26.0848
24.5833
20.7171
16.0969
16.2183
12.2575
9.1835
14.7934
27.0723
15.7916
18.7137
18.7097
18.1589
21.207
15.7398
13.1628
12.4075
15.3673
13.6068
8.4557
16.3071
30.5178
40.3864
27.5031
19.3954
18.204
16.7317
17.0397
17.3159
16.628
17.245
17.4232
18.6889
17.8559
20.7244
22.3024
21.0085
21.3568
19.27
18.4992
18.2402
17.6835
17.4763
18.8158
20.5442
39.7713
26.0658
22.3559
20.9662
21.9775
22.3684
21.4555
21.6523
21.2077
20.8912
21.2363
22.8504
25.2023
25.4974
22.6644
22.6232
20.5175
20.1609
19.1298
20.0248
18.2371
18.1656
18.4003
19.7005
19.5627
19.1038
18.8007
17.665
33.5303
15.8005
15.8285
19.857
17.1791
18.7882
20.7292
23.4851
22.2258
19.9827
19.4425
18.7056
17.7229
18.2081
18.1664
19.2823
19.4044
20.2682
20.5962
20.1779
19.2572
20.4986
18.9733
19.4263
18.9731
17.0772
16.6408
16.9433
17.0923
17.7669
18.2081
18.3077
16.6412
19.9311
21.2399
64.6224
20.7396
21.0081
20.5368
22.5119
18.8816
19.4875
19.6169
34.908
15.092
19.7945
15.5372
16.9069
25.6092
-1.3507
6.5448
18.908
16.8462
12.5887
13.6628
6.5587
16.7128
14.2092
18.6307
16.0537
18.1355
18.2
18.6824
18.5738
18.7992
21.4039
19.3588
19.8622
152.9471
45.0767
20.8085
22.5134
21.938
22.6757
22.0871
22.4739
21.5545
21.175
22.2402
22.8189
24.5911
23.1413
22.6407
23.1052
24.3656
24.1274
23.7826
22.4583
22.2044
22.381
21.9709
21.1141
21.2486
20.372
21.0416
20.0845
19.0137
18.5781
18.7639
19.1992
19.911
21.1542
23.1857
31.9908
85.4524
22.8895
24.4585
22.5013
22.1605
22.0388
21.6515
21.6035
21.4779
21.5777
20.5284
19.9703
20.613
21.0642
20.8623
19.4996
20.5389
20.1136
19.7505
23.2566
21.9536
20.3376
21.7649
49.2648
62.9285
27.0842
22.1844
28.6498
25.5474
40.1743
14.8837
16.361
12.6961
16.3755
14.1264
10.0751
27.3321
20.082
19.6487
23.3774
4.4198
26.0279
14.9371
15.2634
18.6027
18.2099
34.2176
97.5289
111.7744
29.5893
21.1357
19.0812
15.1328
17.9284
18.1151
16.1021
17.1226
16.039
13.4609
8.3697
27.9541
20.8647
24.3781
16.0032
3.8431
17.9629
26.1226
10.4412
11.1592
9.5818
12.0231
6.5935
18.0126
17.8404
17.5282
20.566
23.2647
20.7775
20.9957
20.5695
21.2679
19.178
18.8371
18.0345
18.2488
19.0831
18.448
21.1261
19.5264
40.7314
21.5644
20.1684
21.6925
19.4282
18.013
17.2499
18.4016
19.5017
23.0773
24.4969
139.508
20.9942
22.4623
23.3463
22.7416
21.5917
21.4189
22.1184
22.4368
22.2659
20.7783
21.3248
20.7913
19.9656
19.6755
18.4866
18.1998
18.2374
18.8054
18.6522
18.6474
21.905
21.37
21.5613
22.4516
26.0689
21.0783
21.2895
20.6507
20.5943
23.4666
20.392
18.5942
20.1848
18.8117
19.0076
15.4168
13.4728
14.54
9.7914
17.8838
11.3191
17.4485
18.0449
18.9901
23.5766
21.4734
32.0108
20.6253
32.2477
67.6996
41.0303
75.5443
28.2908
50.9962
22.595
29.8665
72.9768
24.1255
17.9609
20.8431
16.4966
17.2412
16.4404
15.6491
15.946
17.3026
17.5778
22.1547
19.6005
19.4682
20.0714
20.4399
20.6596
21.5822
21.5565
20.6509
21.1828
20.0158
18.1987
19.8372
22.8268
21.1767
23.3052
23.4485
20.7104
20.951
21.4873
21.4075
21.5187
20.6564
41.6257
26.6556
23.1817
24.0493
24.8344
22.5656
22.1918
21.6774
49.1152
21.9198
16.1882
19.1751
19.2132
21.5826
18.7216
2.8978
15.4289
1.2595
19.516
10.274
14.5608
15.2578
18.9604
31.5664
21.0695
18.1303
17.7468
19.7483
17.4088
18.6271
19.3337
19.4267
19.5038
18.1534
17.8856
17.437
18.0412
18.9101
44.9556
14.1851
9.2525
-10.4354
7.72
13.624
5.0719
14.1025
12.6842
12.3539
11.8195
16.3535
16.1153
17.1159
17.2053
16.8079
17.8179
17.0356
17.2306
16.5496
16.273
17.9554
17.5954
18.6342
18.6129
18.543
19.8767
17.6214
13.6141
14.5963
15.3396
15.4968
11.4568
18.7222
16.6441
42.3005
18.4415
17.0336
19.5328
11.9496
15.9928
15.4126
12.1601
17.2589
14.0568
15.3695
12.7108
14.8681
10.1143
9.3542
13.8884
8.3338
10.5933
40.2139
38.3802
28.2911
38.761
30.1607
27.3154
32.3926
64.6532
36.7465
19.5162
28.2153
20.0432
16.7452
20.9078
19.0043
14.7797
15.9022
20.1916
19.0741
24.2044
28.2177
24.0868
17.8762
7.5559
-13.0562
-19.3063
-17.1144
-2.1078
7.4084
8.6174
16.7598
19.0996
32.9096
26.5979
29.7516
28.6017
18.2574
24.8889
18.3461
23.361
33.7251
39.5385
84.8247
35.9439
48.8745
17.0852
2.7804
4.7202
15.1924
-0.0343
8.8625
5.7136
10.0246
12.6814
8.3506
16.5416
14.4775
15.6917
16.4969
15.4582
15.8902
17.4574
16.2447
15.4915
15.547
15.5157
445.8929
32.511
21.7909
21.9159
20.8138
18.6799
14.7854
15.6214
12.2326
9.1564
14.8287
27.4441
16.7225
19.4741
19.1131
17.6822
16.3992
16.0633
17.2303
23.1838
19.0194
16.2822
15.9314
16.8791
95.0785
172.4435
85.775
20.2602
18.2836
16.8559
17.1922
17.4976
17.4242
17.7728
17.7485
19.182
20.5393
21.9026
23.6424
21.8985
21.8323
21.5273
18.8846
18.6075
18.4224
18.5642
19.8899
22.1188
49.389
29.41
24.2641
21.6151
22.2136
22.5785
21.7034
21.8956
21.4445
21.1358
21.495
23.266
26.1984
26.3126
22.9487
22.8651
20.7029
20.2491
19.0851
19.2381
18.136
18.0363
18.2818
19.5548
19.4847
19.0043
18.7329
17.5433
28.6427
14.676
14.7921
18.5011
16.5736
18.4341
20.4209
23.6885
23.7881
20.4374
20.0461
19.1563
18.2147
18.4759
18.3619
19.4019
19.3345
20.2588
20.6635
20.3373
20.7242
21.2999
19.819
19.8341
19.4484
17.3512
16.7472
17.3361
17.1482
17.8097
18.311
18.6549
18.5594
20.3174
21.5975
65.0859
21.3845
21.3403
21.0577
23.48
21.4457
19.9545
20.4141
35.6171