3.75
17.7
18.39
17.38
25.8
25.63
13.8
14.88
47.79
23.85
21.23
19.98
30.75
19.99
22.22
5.5
16.44
18.91
0.01
0.01
31.89
18.38
18.39
17.38
0.01
5.08
0.01
0.03
7.8
0.01
0.02
22.55
12.34
10.18
6.11
0.05
8.42
3.87
0.02
0.02
4.37
11.9
0.34
12.14
5.42
12.64
18.52
8.73
0.26
16.73
18.56
18.18
17.31
3.31
0.02
0.02
0.02
0.01
0.02
11.59
12.67
18.38
18.8
0.09
3.15
0.02
3.54
0.02
0.04
0.02
1.44
1.59
5.59
0.32
1.62
12.28
12.29
0.02
2.95
0.61
1.29
0.01
3.73
3.18
5.0
8.01
6.75
2.6
11.36
0.73
0.06
0.01
0.76
0.06
0.5
16.65
0.01
0.02
-0.01
0.07
0.07
131.57
0.07
0.02
0.07
0.07
0.07
0.07
2.03
0.05
0.05
84.78
0.05
0.02
0.01
0.01
0.01
0.01
-0.01
-0.01
-0.01
-0.01
-0.01
8.12
0.07
38.13
0.02
1.34
25.26
33.49
0.01
30.5
-0.01
39.79
-0.01
25.26
33.49
11.41
0.02
1.34
25.43
33.49
0.01
30.5
-0.01
-0.01
-0.01
-0.02
-0.01
0.01
0.01
329.76
-0.01
-0.01
-0.01
0.01
0.01
2.41
0.62
0.01
326.4
0.01
0.01
4.32
0.01
0.01
0.02
1.92
0.01
-0.01
-0.01
-0.01
-0.01
-0.01
-0.01
-161.04
-0.02
-0.02
-0.02
-155.28
29.43
2.84
133.62
2.68
14.28
21.12
-0.49
2.25
25.0
2.01
2.91
4.24
10.19
-0.01
-0.01
-0.02
12.38
1.25
13.32
26.12
2.72
0.01
0.01
26.12
2.72
0.09
-0.01
-0.01
13.32
26.12
0.01
0.01
13.32
24.62
3.66
0.01
-0.01
-0.02
-0.02
-559.42
-0.02
-24.05
-0.04
-0.01
-0.01
-0.01
-110.62
-0.01
-0.02
-0.01
-1590.56
-14.55
-0.01
-43.96
12.34
7.19
6.85
0.36
0.36
-0.01
4.96
-30.57
9.83
-174.54
0.8
9.83
14.42
120.29
-0.01
12.3
14.37
31.27
-174.53
9.81
9.83
-0.01
9.04
12.19
16.57
1.5
9.2
14.11
6.88
120.29
0.05
9.64
0.01
0.01
11.93
0.33
0.12
0.01
1.66
3.45
0.01
3.57
0.01
-0.01
-0.01
-0.01
-0.01
-0.01
17.46
0.05
0.01
0.05
9.42
0.01
0.01
0.01
27.68
29.34
0.01
0.01
27.5
28.32
27.57
28.11
27.69
6.17
0.01
27.68
6.17
27.79
28.32
27.69
32.4
191.9
33.31
239.16
35.39
32.98
0.01
0.02
0.01
0.01
0.01
0.01
0.01
0.01
11.29
0.01
0.01
0.01
0.02
0.01
0.01
0.01
0.01
0.01
0.01
0.01
-0.02
0.01
0.01
0.01
56.92
0.01
0.01
4.12
2.25
8.56
14.07
12.78
12.21
5.93
10.77
12.36
0.01
0.01
0.01
7.62
5.58
11.12
13.93
13.55
11.28
7.96
11.35
12.55
0.87
28.1
17.6
0.1
0.01
20.28
29.44
21.65
19.8
12.87
8.47
9.92
0.01
13.18
5.72
5.71
0.01
0.01
16.78
30.15
23.45
11.92
18.96
14.61
4.63
0.01
8.05
0.13
5.85
0.15
0.01
7.03
3.15
5.65
9.76
0.01
9.07
7.71
11.8
4.24
4.99
0.08
0.01
9.19
4.8
6.11
0.01
0.01
6.83
0.01
6.59
0.01
6.05
13.48
4.19
11.6
0.05
14.85
0.01
4.06
4.25
0.03
0.96
15.38
6.83
0.01
6.6
0.01
6.37
14.18
4.41
11.68
7.77
0.01
2.54
5.39
0.01
0.01
2.61
4.0
0.01
0.82
0.01
4.74
3.57
2.75
0.05
4.69
3.0
2.2
0.01
-0.01
2.86
5.24
0.01
0.01
0.01
7.65
10.65
9.52
9.41
0.01
14.23
0.01
7.35
6.98
8.46
9.48
1.54
3.28
0.01
6.67
7.45
0.01
2.19
9.45
0.01
2.43
0.02
0.01
0.01
-0.01
-0.01
-0.01
15.65
84.86
60.14
39.47
60.01
63.6
44.27
40.76
40.75
39.51
178.56
75.26
64.91
69.14
222.21
205.7
47.63
209.09
-0.01
-0.01
5.51
10.43
4.02
1.3
2.36
7.33
0.75
-560.28
-0.01
-0.01
0.04
-0.01
-0.01
-0.01
7.38
5.51
9.44
4.03
7.38
12.68
-0.01
-0.01
-0.01
-0.01
21.44
1.83
4.58
20.07
0.01
23.17
0.05
4.78
20.76
15.62
6.43
16.49
0.01
8.58
0.01
0.38
32.98
1.65
1.58
3.83
-0.01
21.22
5.31
16.06
2.59
12.89
361.09
18.18
12.89
14.87
12.79
18.58
17.71
12.52
10.78
2.56
10.87
304.34
15.32
12.9
14.88
12.78
18.59
17.7
12.51
10.78
0.21
6.36
0.01
0.02
0.02
1.9
16.51
13.09
0.02
0.02
0.02
1.38
16.18
10.48
0.15
0.02
0.02
2.91
0.02
9.74
0.23
0.02
0.01
3.16
283.72
14.06
0.05
2.28
7.28
3.27
4.86
7.29
7.78
0.42
0.41
1.35
0.12
2.36
7.27
4.95
2.45
4.84
9.85
0.05
2.36
2.3
7.28
7.79
-0.01
-0.01
0.01
-0.01
0.01
-0.01
-0.01
-0.01
-0.01
-0.01
-0.01
-0.01
-0.01
-0.01
-0.01
-0.01
0.01
-0.01
-0.01
-0.01
-0.01
-0.01
-0.01
-0.01
-0.01
-0.01
84.19
25.46
0.01
-0.02
-0.02
-0.02
-0.01
-0.01
-0.01
-0.01
-0.01
-0.01
-0.01
-0.01
-0.01
-0.01
-0.01
0.01
-0.01
-0.01
-0.01
-0.01
-0.01
-0.01
2.6
10.81
0.09
10.76
9.0
10.22
0.01
1.83
0.33
2.59
-0.02
12.61
15.3
37.14
2.91
-0.01
-0.01
-0.01
-0.01
-0.01
-0.01
-0.01
10.75
9.0
42
120.29
-0.01
12.3
14.37
31.27
-174.53
9.81
9.83
-0.01
9.04
12.19
16.57
1.5
9.2
14.11
6.88
120.29
0.05
9.64
0.01
0.01
11.93
0.33
0.12
0.01
1.66
3.45
0.01
3.57
0.01
-0.01
-0.01
-0.01
-0.01
-0.01
17.46
0.05
0.01
0.05
9.42
0.01
0.01
0.01
27.68
29.34
0.01
0.01
27.5
28.32
27.57
28.11
27.69
6.17