12.32
0.01
5.96
12.48
610.58
0.01
25.19
22.54
23.83
24.85
0.02
-0.01
0.02
0.02
0.02
18.03
12.35
13.36
139.73
9.59
13.48
350.69
24.62
22.73
19.86
0.41
55.98
187.09
1.21
180.54
8.96
1.51
14.59
22.76
11.67
3.53
26.13
1410.77
13.41
2.75
0.01
63.69
12.7
9.63
9.04
184.95
8.97
0.01
28.54
5.55
0.01
0.01
3.02
7.11
11.75
12.7
15.27
8.4
5.83
0.01
0.01
5.94
0.01
0.01
2.98
6.91
0.01
14.84
14.88
8.23
5.88
0.01
0.01
0.01
10.35
16.05
4.41
7.39
8.98
8.75
0.04
0.01
-4652.58
0.01
12.47
1.85
0.09
9.1
5.86
6.24
1.16
0.09
1.97
16.73
73.22
0.01
0.01
3.29
57.1
51.63
85.25
19.01
16.59
17.36
22.68
7.39
7.66
7.34
15.51
11.71
53.22
55.74
95.65
177.62
86.15
0.01
4.24
56.72
58.26
76.64
8.87
25.94
22.96
9.89
11.79
11.57
11.41
9.44
6.17
14.28
32.62
32.88
32.57
32.66
28.97
28.91
14.16
10.1
7.36
13.05
7.62
8.68
18.86
9.48
3.93
24.49
22.17
0.06
15.99
27.55
28.69
16.77
9.85
14.01
29.1
29.59
9.78
0.04
0.04
14.36
14.99
25.58
-321.03
2.44
3.93
24.49
22.17
0.06
36.43
3.56
0.01
13.18
3.57
25.21
23.75
11.05
0.85
5.92
11.19
17.95
16.31
11.75
15.86
16.3
5.28
8.48
0.42
0.01
0.01
0.65
10.77
19.54
0.01
1.39
1.05
0.01
5.64
8.07
0.01
0.04
0.25
4.3
0.01
6.02
7.67
0.01
3.81
0.02
-0.02
9.61
2.54
1.3
5.63
0.24
0.01
3.76
8.79
6.59
12.52
8.17
-0.01
0.11
3.54
8.04
3.28
0.01
1.03
3.29
22.26
17.51
0.01
0.02
4.27
2.54
4.42
0.11
5.14
-0.02
-0.02
-0.02
8.0
12.2
11.61
25.7
13.32
13.78
13.5
13.5
0.63
4.48
2.16
11.57
19.52
16.92
10.88
0.02
22.64
14.62
1.01
13.29
13.49
0.46
14.17
11.06
0.02
9.93
4.06
6.71
-0.01
0.01
5.05
17.27
12.42
69.45
0.93
0.29
0.02
2.72
0.01
0.04
0.01
0.01
0.01
14.82
16.91
42.92
0.02
0.47
3.25
10.77
16.61
0.04
0.02
5.49
24.78
23.63
9.99
11.31
19.37
10.99
24.91
41.98
43.68
43.68
20.07
16.79
17.45
20.73
32.94
14.16
4.96
0.02
1.18
0.16
2.95
5.25
0.01
0.72
12.11
15.42
11.84
7.68
8.12
24.24
16.73
17.33
18.78
23.53
17.88
29.06
26.45
20.4
11.18
0.02
0.39
2.89
4.59
4.08
4.29
9.33
9.25
5.35
18.48
24.7
23.65
21.46
12.41
19.08
9.87
6.59
6.12
3.54
4.51
4.07
4.29
9.32
9.24
5.35
18.47
24.7
74.38
7.09
6.8
8.93
0.02
0.02
0.05
5.0
1.9
2.79
10.56
6.53
8.91
5.36
3.07
2.83
0.02
0.02
5.01
1.5
4.52
8.74
1.99
1.55
0.04
5.4
6.21
0.01
0.85
1.76
0.02
1.81
0.02
0.02
4.08
5.54
0.93
0.04
5.33
0.02
0.6
2.54
1.76
1.77
4.52
0.01
8.37
0.01
3.93
2.61
5.33
8.12
5.78
13.65
10.91
0.02
6.58
1.37
8.72
9.35
13.55
16.34
14.76
21.15
0.26
11.23
10.73
13.98
17.07
5.86
2.86
2.12
30.25
28.71
13.76
23.49
27.43
13.82
16.71
17.02
13.04
-0.01
2.76
0.02
5.53
0.05
0.91
2.48
3.78
0.73
7.83
17.44
28.21
33.5
29.9
30.4
0.01
7.05
5.37
7.55
12.42
12.26
3.9
6.51
14.11
7.34
5.0
0.02
1.09
4.69
0.01
6.56
7.91
3.43
12.08
12.35
6.52
3.39
7.92
0.04
0.01
0.05
0.11
16.38
2.92
2.79
14.75
14.25
15.89
14.57
28.82
3.96
2.27
3.43
0.02
0.02
13.83
4.88
0.04
12.29
11.58
12.9
13.62
13.58
0.04
11.84
19.36
10.58
5.55
26.87
0.02
7.85
6.91
8.95
8.15
9.57
10.44
0.57
0.42
4.12
0.04
67.96
70.08
11.69
14.78
5.11
4.92
11.4
33.54
3.88
0.01
0.02
5.29
7.7
17.07
24.18
16.3
18.44
32.48
74.92
38.81
62.46
12.4
14.28
-733.82
-1.84
-0.01
11.46
0.01
20.53
6.32
5.62
36.36
14.24
17.24
2.02
9.28
19.58
34.98
14.44
20.51
26.01
7.83
20.49
9.43
9.34
16.23
8.06
16.13
32.62
15.66
31.91
44.75
22.8
18.39
0.06
-0.01
-0.01
-0.01
6.43
20.22
10.79
-0.01
11.93
10.76
6.32
5.12
7.78
13.92
11.86
1.37
4.71
15.95
47.04
1.42
9.39
11.73
478.78
2.0
13.96
-0.01
2.46
5.02
11.58
15.82
30.58
17.98
15.41
26.0
28.19
24.03
16.57
27.38
19.24
4.26
0.13
1.06
101.0
32.77
0.01
2.5
0.08
17.67
10.59
16.15
26.63
26.63
26.61
7.3
18.33
2.76
2.68
24.16
56.02
18.54
3.95
14.61
0.01
0.01
28.15
22.02
22.45
22.68
29.14
39.42
33.19
12.13
21.16
32.44
26.74
32.23
7.36
14.47
0.01
8.38
16.06
10.86
12.01
20.19
9.53
11.87
13.73
43.51
10.99
-0.01
-0.01
-0.01
31.75
26.16
23.82
28.93
14.19
2.24
0.01
3.16
0.01
0.02
11.2
1.89
0.01
0.01
0.01
0.01
11.19
1.89
0.01
2.55
0.01
5.7
7.38
11.02
8.36
2.61
2.14
0.01
0.81
93.43
14.91
17.04
16.96
31.09
2.59
15.41
17.52
17.55
17.47
2.59
15.41
17.52
17.55
17.47
2.6
14.94
16.99
17.01
16.94
0.12
11.88
13.43
13.6
0.01
0.01
5.94
0.01
0.01
2.98
6.91
0.01
14.84
14.88
8.23
5.88
0.01
0.01
0.01
10.35
16.05
4.41
7.39
8.98
8.75
0.04
0.01
-4652.58
0.01
12.47
1.85
0.09
9.1
5.86