0.04
59.53
25.61
27.32
28.55
27.15
23.88
0.02
15.21
29.81
23.68
30.24
31.35
32.43
11.0
16.8
7.45
64.68
6.55
44.58
3.63
1.74
1.92
0.17
0.71
0.59
0.51
0.01
63.52
84.55
69.57
69.07
78.82
74.52
75.08
101.45
48.36
-101.65
75.9
84.22
77.45
170.37
2.71
5.57
11.14
37.92
84.54
77.88
11.72
0.01
0.04
10.1
12.7
6.49
7.58
5.54
3.45
0.13
178.34
17.83
37.41
19.79
57.34
69.3
63.54
33.89
14.71
0.01
10.85
1.31
12.66
5.47
14.67
0.08
0.01
0.01
0.01
13.38
16.8
23.97
0.28
0.01
0.01
0.01
28.39
0.01
18.21
0.01
0.01
0.01
181.63
18.32
26.03
0.26
0.01
0.01
7.44
15.66
-0.01
11.16
63.54
22.89
6.24
10.39
5.49
6.01
0.88
15.13
9.11
588.65
350.01
7.49
16.15
139.61
4.28
35.67
5.66
5.51
7.58
5.46
5.23
-0.01
3.77
0.01
6.57
13.41
4.69
4.66
0.02
0.02
0.02
17.52
595.58
588.65
175.34
386.64
0.01
3.76
139.61
139.6
0.01
0.02
6.56
9.65
0.01
8.81
-0.01
-0.01
-0.01
0.01
1.36
77.84
7.18
23.59
0.01
0.01
0.01
11.46
0.01
0.01
1.27
21.63
0.01
25.64
0.01
0.01
175.33
0.62
3.53
2.7
0.01
0.01
0.01
0.01
0.01
0.02
0.02
0.02
33.11
0.01
0.01
4.03
3.39
0.02
0.01
0.01
0.01
0.01
0.01
186.37
29.31
5.71
0.01
1.49
19.41
0.01
3.12
14.28
7.34
141.03
0.01
1.45
9.28
0.04
1.46
38.9
1.24
6.69
4.8
180.69
0.01
7.46
8.18
4.41
2.65
5.82
0.01
46.98
19.08
0.04
21.35
4.73
22.19
29.85
5.72
7.22
5.34
15.88
0.01
0.01
0.05
24.32
588.64
0.05
0.36
45.34
17.68
13.59
4.96
15.38
1.7
20.97
5.23
1.56
3.96
17.1
8.68
10.74
13.43
13.38
13.81
13.71
12.94
21.31
21.5
188.74
608.16
0.02
2.68
2.01
4.24
8.78
5.17
1.48
236.93
42.84
63.87
51.87
66.34
48.6
1174.99
1174.99
41.44
31.19
118.82
30.78
0.02
0.02
28.52
25.0
23.76
349.99
0.01
0.01
208.36
6.99
44.5
72.64
36.34
20.25
23.61
30.67
-0.01
-0.01
0.02
3.67
3.84
5.32
3.52
3.57
8.75
1.63
8.82
0.02
0.02
21.96
23.66
44.06
0.01
2.51
4.01
5.02
-0.01
-0.01
-0.01
-0.01
-0.01
0.01
2.98
4.32
3.39
10.95
178.02
0.68
3.71
9.96
14.62
2.14
3.35
0.02
0.02
0.01
4.14
4.25
2.99
60.62
-0.01
0.01
0.01
20.33
6.07
20.22
51.04
20.52
37.12
26.97
183.61
19.48
0.24
8.26
0.01
0.01
0.02
3.36
40.05
22.58
23.39
14.81
122.12
30.78
4.07
24.25
-0.01
27.3
27.65
0.01
0.01
0.01
0.01
0.01
0.01
0.01
33.8
27.3
27.66
0.01
4.2
4.5
4.08
24.25
30.94
10.43
25.99
27.29
0.01
0.05
27.44
28.72
4.83
6.94
30.25
30.09
30.06
36.14
30.13
24.61
27.77
18.53
191.22
17.42
18.32
25.63
27.44
27.36
8.2
0.01
26.43
30.1
66.25
21.17
12.0
3.24
4.87
0.82
2.84
5.67
14.63
5.72
6.05
8.64
14.33
12.26
8.49
1.52
6.68
9.84
2.05
7.56
15.5
12.15
4.63
-2259.55
191.66
24.5
0.01
0.01
0.02
6.43
10.14
0.01
0.01
0.01
18.93
12.52
0.61
0.95
0.01
1.67
0.01
24.33
0.01
5.39
6.03
6.15
11.04
3.4
0.18
25.86
0.02
0.02
13.31
0.02
0.02
0.01
0.01
0.02
0.01
9.28
23.3
0.01
23.54
0.39
0.01
5.32
4.17
0.01
0.01
11.2
23.25
0.01
0.01
78.08
82.01
46.03
42.81
50.93
0.01
0.02
45.44
48.65
44.35
47.16
44.99
91.88
41.76
43.29
1174.99
90.99
199.73
24.21
0.01
88.96
50.42
47.66
21.49
47.81
44.79
37.03
24.49
17.67
29.32
18.96
24.42
37.52
11.32
13.65
14.05
12.42
7.32
2.7
604.5
84.73
593.0
593.49
0.01
19.12
41.54
41.54
0.01
0.01
0.01
77.12
74.47
176.9
17.91
17.81
18.6
187.12
5.04
118.1
597.41
0.01
588.64
54.21
64.85
0.01
0.02
11.96
92.69
51.46
64.87
17.9
0.01
6.0
16.02
18.62
70.27
191.62
7.1
3.71
2.51
28.72
34.88
7.76
49.27
40.48
11.67
52.25
64.79
59.74
5.85
0.01
14.81
350.0
18.06
7.17
0.01
9.81
6.12
175.35
0.01
0.01
15.08
17.06
5.82
21.03
19.57
19.13
19.37
13.78
6.12
5.72
0.6
0.01
6.52
10.15
0.01
64.33
0.01
0.02
0.3
37.35
190.24
54.58
36.71
6.12
175.34
175.34
11.19
20.57
20.64
26.64
25.66
60.73
17.01
12.42
51.7
187.3
90.39
36.56
6.32
181.99
181.99
11.38
0.01
0.44
0.01
0.01
0.57
5.17
181.42
13.75
9.02
12.59
179.68
0.01
6.3
0.01
0.02
0.01
0.01
0.01
1.97
183.66
13.18
9.3
12.6
182.51
6.94
30.25
30.09
30.06
36.14
30.13
24.61
27.77
18.53
191.22
17.42
18.32
25.63
27.44
27.36
8.2
0.01
26.43
30.1
66.25
21.17
12.0
3.24
4.87
0.82
2.84
5.67
14.63
5.72
6.05
8.64
14.33
12.26
8.49
1.52
6.68
9.84
2.05
7.56
15.5
12.15
4.63
-2259.55
191.66
24.5
0.01
0.01
0.02
6.43
10.14
0.01
0.01
0.01
18.93
12.52
0.61
0.95
0.01
1.67
0.01
24.33
0.01
5.39
6.03
6.15
11.04
3.4
0.18
25.86
0.02