2.13
20.06
9.89
-3.05
1.26
42.3
0.07
9.27
-0.01
-0.01
2.13
9.27
20.06
-0.01
-0.01
18.06
-0.01
10.16
36.06
10.49
1.07
-0.98
9.78
-0.01
43.23
30.74
24.71
25.3
29.9
11.06
0.01
0.01
0.01
0.01
0.02
0.01
0.01
13.33
40.66
21.27
26.68
32.49
5.33
0.01
0.01
0.01
3.58
3.88
1.37
28.01
32.2
31.61
30.91
33.25
0.01
0.01
0.01
2.82
0.01
0.13
0.05
28.01
32.2
31.6
30.91
33.25
0.01
0.01
3.33
0.02
0.05
4.39
15.92
22.85
28.98
25.36
0.01
0.01
0.01
2.1
12.85
0.88
24.09
24.27
22.52
22.26
7.96
19.94
14.88
16.63
17.57
14.56
16.31
14.37
11.07
28.06
22.02
47.76
76.6
75.96
34.65
37.89
18.97
35.22
24.04
16.25
32.21
59.88
1.26
20.56
19.62
0.01
35.17
0.03
41.21
30.61
50.29
118.94
35.52
48.11
58.1
16.87
27.2
42.5
35.4
56.96
1.8
23.62
18.83
12.44
7.76
17.93
26.35
0.25
14.63
43.36
83.67
25.45
25.78
36.46
46.68
12.86
0.17
0.08
10.86
0.05
14.44
19.94
10.73
0.36
1.58
19.94
3.89
4.27
0.01
3.26
3.04
-0.01
0.01
-0.01
0.01
9.63
7.68
8.45
3.04
4.7
4.27
-0.01
0.01
24.93
19.53
0.67
0.36
0.01
-0.16
-0.22
-0.12
-0.26
0.34
-5.88
0.13
0.01
0.14
3.16
0.04
1.75
0.49
0.44
-0.32
-0.31
-0.08
-0.2
20.65
3.92
1.09
20.37
8.82
30.21
12.86
25.53
27.99
23.05
45.29
32.06
0.04
7.51
31.75
32.26
53.32
40.24
35.09
32.62
34.09
0.04
38.84
30.01
37.83
28.03
27.8
23.87
0.52
0.47
0.37
0.32
0.13
0.27
28.0
37.82
0.9
0.5
0.5
0.26
0.46
0.79
7.52
5.18
7.0
0.01
0.78
0.83
0.05
67.75
7.04
0.01
33.24
35.35
5.45
5.89
33.24
35.35
33.25
35.35
0.01
100.96
22.89
-0.01
0.01
-0.01
224.19
42.36
-0.01
-0.01
-0.01
0.01
6.11
0.4
0.43
0.44
0.46
0.44
0.26
0.19
-30.24
-0.01
-0.01
-0.01
0.36
0.41
0.45
0.45
0.29
7.05
0.26
0.23
0.95
0.68
0.76
0.73
0.01
-0.01
-37.49
-0.01
-0.01
-0.01
-0.01
0.07
0.01
0.01
-166.02
-48.46
-31.08
-50.44
-165.94
-47.38
0.01
0.07
0.07
0.07
0.01
0.01
-20.63
0.01
0.01
8.92
0.47
2.85
2.85
0.01
0.26
2.85
2.96
2.96
2.96
0.02
9.2
15.62
13.68
16.45
0.01
-0.01
1.0
8.92
2.62
3.69
0.95
0.36
0.04
20.7
14.76
13.72
30.93
29.61
29.58
22.99
0.04
18.87
15.77
11.8
15.25
29.77
38.28
27.13
8.53
5.58
5.57
2.04
5.8
3.96
2.27
4.69
13.55
0.04
27.61
32.08
92.78
29.81
13.86
13.84
40.37
36.6
39.2
39.34
17.61
25.4
1.05
11.84
3.5
40.61
44.91
7.03
29.9
25.67
27.66
34.75
48.27
40.5
42.72
40.61
41.65
46.11
28.47
17.04
18.9
19.68
56.21
69.18
75.59
62.78
61.2
127.52
43.35
-0.01
4.59
39.89
31.77
36.28
38.17
40.47
44.19
54.32
33.59
76.37
43.31
28.47
51.08
72.43
55.55
55.86
85.85
77.46
91.74
144.36
25.27
22.16
59.99
107.15
109.49
104.73
36.0
53.65
59.1
42.91
116.76
112.71
9.77
86.34
99.93
6.09
79.58
64.42
77.43
66.22
91.54
123.61
107.97
116.69
118.37
111.1
78.32
165.91
110.51
107.4
109.96
109.09
103.21
114.2
3.57
35.93
57.8
74.12
107.37
97.69
145.62
87.42
86.37
77.7
95.82
25.52
63.93
11.46
42.52
50.48
67.34
89.92
114.35
115.95
88.36
0.04
97.06
71.05
55.22
49.46
67.14
40.58
65.92
106.33
81.14
14.12
40.8
122.31
91.03
92.87
88.79
82.52
72.81
25.92
64.08
73.99
82.19
60.87
63.08
56.47
70.15
52.94
0.73
-0.01
0.11
0.01
29.27
-0.01
-0.01
-0.01
-0.01
-0.01
29.27
-0.01
-0.01
-0.01
-0.01
-0.01
-0.01
0.01
0.01
2.53
7.28
5.96
8.19
7.99
60.17
57.77
120.86
71.05
112.58
83.22
86.84
115.9
80.8
67.75
101.21
143.33
121.81
103.54
115.24
132.57
115.48
139.8
117.84
139.45
140.07
124.38
112.8
84.77
10.01
34.87
10.36
11.47
11.27
0.02
0.05
0.01
8.97
11.62
4.77
34.83
10.36
11.46
11.26
0.01
9.77
8.97
11.62
0.75
5.51
1.64
1.81
1.79
23.43
21.41
21.37
21.42
0.41
54.17
5.13
2.35
21.35
21.3
27.81
3.22
10.02
29.23
3.18
3.38
3.37
3.38
3.39
0.01
25.52
21.32
20.69
21.43
30.17
4.59
26.58
3.14
5.31
0.01
0.01
26.59
26.58
0.01
3.78
0.05
6.02
2.64
4.21
-0.62
-0.4
-0.47
-0.71
-0.43
-0.41
26.59
26.58
0.01
10.87
13.48
3.79
13.49
0.01
0.01
12.06
10.99
0.05
12.41
0.05
10.87
-0.01
3.79
12.43
-0.01
-0.01
12.38
20.75
0.05
20.75
12.06
10.99
22.7
0.76
4.15
0.66
4.07
0.01
-0.01
-0.01
4.15
4.07
0.01
1.9
74.84
84.62
472.53
-0.01
-0.01
-0.01
4.17
3.92
0.75
0.89
4.1
0.48
4.07
7.66
26.59
25.13
0.05
2.76
3.35
12.55
7.66
26.59
25.13
0.05
2.76
3.35
12.55
0.01
4.2
3.89
2.04
0.5
0.48
0.01
24.63
18.52
14.94
29.61
29.58
22.99
0.04
18.87
15.77
11.8
15.25
29.77
38.28
27.13
8.53
5.58
5.57
2.04
5.8
3.96
2.27
4.69
13.55
0.04
27.61
32.08
92.78
29.81
13.86
13.84
40.37
36.6
39.2
39.34
17.61
25.4
1.05
11.84
3.5
40.61
44.91
7.03
29.9
25.67
27.66
34.75
48.27
40.5
42.72
40.61
41.65
46.11
28.47
17.04
18.9
19.68
56.21