30.4941
28.88702
28.33171
28.32017
29.38748
35.4641
54.98724
45.79248
32.12921
26.42562
23.81516
23.41145
21.82386
22.51507
24.9749
32.5171
49.22059
61.35398
52.24089
48.85916
48.263
38.55173
37.13573
33.91649
30.16835
28.80105
28.93817
28.37125
29.40851
31.59782
35.23845
34.58371
28.56701
26.68439
25.92947
22.38266
21.78639
22.00077
24.79782
30.01384
35.70024
47.30852
42.68523
43.64501
40.51033
35.37722
35.20888
30.2719
29.21256
27.62912
27.8097
27.396
27.63785
28.60281
29.59203
27.95619
25.38292
20.62401
16.62745
15.67521
14.35395
16.92629
18.19373
26.63052
34.30093
50.2986
47.13555
45.02053
42.7964
36.65021
34.71103
30.29711
29.25957
28.24737
27.80921
28.22729
29.02972
35.18996
53.54289
52.40494
32.14212
26.68966
24.11061
21.98888
21.97492
21.38566
23.10742
29.40548
46.32508
61.66442
53.11719
50.5616
48.50705
44.18802
36.89096
31.60287
29.07219
28.00152
27.92259
28.01291
29.03916
34.48746
48.48366
43.8899
30.35408
25.07191
24.94823
19.88607
18.35613
19.36454
24.44971
30.77144
47.25757
57.54249
56.77973
49.67362
48.63272
42.47502
40.56157
33.54644
32.07766
30.22192
29.81307
30.55614
31.81587
40.73656
58.96575
52.24183
34.36679
29.01803
28.36816
25.2687
23.66406
24.96484
26.38547
32.03371
51.21463
67.53494
63.05264
50.50067
49.19741
42.2331
38.69378
32.52349
30.90144
30.02379
29.46876
30.10374
31.38757
38.45529
55.5142
50.88834
33.22482
28.7841
25.6212
23.92749
23.80016
24.16979
26.70907
34.33197
55.59953
71.18321
63.95336
55.50667
52.24486
49.31775
42.91726
33.33872
31.70638
30.96823
30.08879
30.17081
31.44405
39.38349
51.0406
41.35721
30.39361
25.48944
22.98084
22.08003
21.63863
22.90034
25.81529
32.73501
47.34005
64.89861
50.76525
49.04031
46.79882
42.02325
37.46415
33.03751
31.76821
29.63762
28.93096
29.1726
29.32428
31.7187
35.59825
34.3483
28.51093
25.77952
23.58961
22.78964
22.30472
22.19758
25.16384
30.21717
36.95131
50.85409
46.75807
47.8054
44.44156
39.66936
35.67184
31.93262
29.37071
29.1186
28.39497
28.43964
28.5588
29.235
30.11499
28.69915
25.43103
23.67568
19.61928
19.67748
19.69337
20.44615
23.98285
29.46886
38.48702
55.84503
50.44179
50.07101
47.70803
39.26866
33.52585
30.21138
30.83729
30.02071
28.55747
29.10742
30.20452
36.88571
49.72284
51.68906
34.37531
29.30872
28.48774
27.01405
26.6186
27.17619
28.75024
34.63285
49.11768
66.9196
64.02251
49.05462
46.62688
41.2833
35.71234
33.37656
32.92737
32.11103
30.97214
31.49503
32.1142
37.74638
51.49981
51.14363
34.5543
29.46209
26.35008
25.90617
25.66955
25.97709
28.85661
35.34493
52.56498
75.4795
62.55448
55.90089
53.2842
45.57895
38.11376
33.82056
29.84478
30.01717
29.46197
29.42009
30.40729
36.22292
52.13319
52.47519
35.26151
29.98766
27.88611
26.75466
26.11606
26.84344
28.297
34.49997
49.22204
75.27694
59.05429
50.8982
50.38347
45.99271
36.88662
34.37935
28.65985
29.08985
29.11834
29.62744
30.89855
35.25682
45.08555
43.59619
33.25715
27.97703
25.50284
24.66677
22.9552
23.78717
26.0922
33.07645
43.53265
66.2269
59.66074
46.1069
43.49878
41.5001
36.03836
33.72164
30.44514
30.01037
28.53108
28.804
29.8505
36.21308
45.20751
42.66143
33.58326
27.47784
26.54439
26.36452
24.95633
25.30099
26.82012
33.67105
45.99422
46.61303
49.91845
43.96639
40.68702
36.19131
35.61415
31.99103
28.56911
27.48915
26.95537
25.9667
27.34564
28.85051
31.89917
30.44952
24.34559
23.87286
22.92195
21.26324
20.00066
20.59382
22.45373
28.14173
39.18691
49.10683
44.3124
44.91267
43.43001
36.25738
35.15588
30.20508
29.61696
28.55422
27.7688
27.52544
28.09808
28.61532
29.34749
28.53
25.57784
20.0454
17.9013
17.6819
15
16.49881
19.69178
27.7089
40.52556
54.31897
49.34798
47.13108
42.02639
41.1217
34.82174
30.99865
29.52666
28.55125
28.3362
28.56573
30.2512
35.97381
49.80764
48.47853
34.20697
29.70845
26.89501
25.96305
24.15647
25.41466
27.7424
33.69304
43.9863
62.999
53.37305
46.78204
47.15429
39.04782
37.58438
34.30476
29.64261
29.56077
29.54162
29.52887
30.89526
37.70828
53.522
48.50731
34.07903
27.2796
24.92982
23.47344
22.3607
22.75558
24.39996
32.25944
42.38097
59.44046
54.41284
44.82463
44.62607
38.39876
36.4037
32.33811
29.2011
28.83648
28.56822
28.73773
29.58621
34.90453
40.59198
47.14706
34.79477
31.42287
27.21772
25.93924
23.33979
23.10345
25.73278
33.24384
39.5826
55.21761
52.79347
49.85876
45.73143
38.29707
35.81007
33.37007
33.86973
33.41196
32.53522
33.31136
34.21523
42.40864
50.351
50.09008
34.19534
27.81034
24.39054
21.4012
20.2422
21.10579
24.20595
32.79503
43.29819
58.89102
60.69735
55.76841
56.12617
49.00441
46.74961
42.16883
35.21712
34.03974
32.22918
32.45104
34.86589
40.91189
45.55876
51.03018
35.97275
29.61911
25.12998
24.12434
23.32953
22.89307
26.8453
33.60561
45.80478
52.4211
56.07517
52.07343
52.16439
46.85778
44.66133
40.7702
35.21706
33.44013
31.83496
31.97206
32.79664
35.9234
39.57684
39.5171
33.34414
30.06032
26.21324
25.10184
22.03192
21.78831
25.88132
32.32288
38.85916
46.13431
48.93111
47.1761
46.82314
39.11097
38.57333
35.72794
34.22975
32.52115
30.27326
29.22223
30.09811
33.54155
35.29569
33.88182
34.96585
31.2407
28.16986
27.6303
27.50049
27.05115
27.95288
34.61427
43.87195
48.88554
47.43348
44.73621
42.68636
38.35955
36.23216
33.61494
32.48529
30.25223
28.90512
28.75099
28.77774
29.93954
32.4445
32.79409
30.04316
27.48282
25.86319
23.47918
21.98637
21.7796
24.85142
30.26047
38.44996
44.9915
47.18247
45.35067
43.22314
41.22323
37.74796
33.32077
32.0088
30.63435
29.89985
29.90503
30.36503
36.06736
46.16327
43.42257
34.56052
30.8104
25.96567
24.69164
24.81055
24.78688
26.34637
32.99235
41.94356
55.44866
58.29177
48.8763
48.23382
41.84408
37.85558
34.73415
30.24588
30.08211
29.1839
29.172
30.04434
34.29227
37.98265
37.21486
30.9954
23.67851
21.78427
20.29938
19.78429
19.8023
22.56649
30.97233
37.98279
43.14849
50.80421
43.10808
41.03245
40.02429
36.97993
33.01288
29.50573
28.61451
27.96953
27.96682
28.64701
33.2227
35.69873
36.98999
29.66723
23.74022
21.55917
20.63459
19.80775
20.03901
21.83616
29.3569
40.6556
51.34519
51.03468
43.63409
43.63539
42.35872
37.67278
32.81768
30.11434
29.47683
28.87861
29.00294
29.59967
34.69313
36.55851
37.65055
33.64304
26.69738
24.19542
23.10668
22.92257
23.49155
25.40034
33.02853
43.82882
48.91225
51.69377
43.11601
41.06597
38.00146
35.32908
33.83581
32.60721
31.63239
29.78875
29.44444
29.70946
30.30167
31.81145
30.78867
29.00429
24.26635
20.25109
19.1781
17.08016
17.10662
21.97436
28.83725
37.31112
45.98282
44.71664
39.92757
40.96322
36.14231
35.30294
32.19684
33.31986
32.30381
30.91032
30.90093
30.90558
32.95325
33.74426
33.80178
30.26985
28.16928
26.93596
25.74888
24.65145
24.91143
26.98043
31.35636
40.67478
55.07964
52.71826
49.86732
46.22239
39.89255
36.44737
33.97669