36.83561
35.23226
33.2688
32.02941
32.08613
33.40335
35.02114
34.37463
30.57537
26.2973
24.71043
23.84503
22.84053
23.91864
26.39939
31.95453
38.56227
51.31576
49.83276
51.50842
43.41922
40.34111
38.11013
35.38
35.83847
34.88327
34.14181
33.17478
34.78841
36.6589
43.80531
49.81173
38.51348
35.24878
33.24024
32.43296
32.56882
34.14381
34.79444
38.89897
43.59588
61.89461
59.27934
50.02477
44.3032
42.05224
39.18476
36.17609
35.73098
35.10397
33.55471
33.37175
34.86895
40.33532
48.16501
47.98344
39.44214
35.94757
33.54577
32.94994
32.92529
35.29686
36.38059
39.20809
49.95748
74.1355
60.38393
55.51291
53.51159
46.60346
46.92371
40.53068
38.13693
35.80737
35.09836
34.38136
36.49795
41.87372
54.42839
48.13056
36.8536
32.67377
29.63794
29.28478
29.47155
29.76508
30.74958
36.34512
49.5234
70.68013
65.87883
53.86987
48.44007
44.97379
45.73305
40.59969
30.95562
29.87309
29.78671
29.78968
29.8634
34.2056
42.60219
44.17855
35.48872
29.19967
27.3458
26.91058
27.4609
28.54808
30.8332
35.59119
44.02477
46.29761
53.14521
45.68979
43.87244
38.09118
36.21097
33.67381
30.38521
30.12533
29.26889
29.05908
28.83192
29.39128
30.79348
31.21353
30.14862
29.12863
27.65878
24.96458
24.24283
23.25542
25.29091
28.91837
33.83915
48.45461
39.35458
39.14495
36.41052
33.85251
29.90857
29.48877
29.77316
28.63391
28.65688
28.65922
29.8211
29.86645
30.53411
29.96945
25.30292
23.23229
21.591
21
20.18251
20.98053
21.76369
28.29063
33.82437
42.18823
47.33121
41.3101
36.90978
34.05944
32.13931
29.87738
29.09908
27.96755
25.87035
25.70768
29.02038
32.21186
36.95528
44.19386
39.4502
36.31005
33.79658
34.36733
33.61775
32.56812
33.78096
36.48748
38.83049
50.96464
43.87753
41.36527
39.86026
35.1928
32.02412
30.99645
29.13637
27.86359
26.48018
26.29738
28.32053
31.12564
38.04871
42.86947
36.6497
32.98708
31.26669
29.61136
29.54033
29.46459
29.08237
30.751
36.45551
46.42628
43.53906
41.73676
38.42894
33.69957
32.6376
29.13264
23.23457
21.77976
20.55107
20.58984
22.93076
26.22945
34.92039
41.23963
29.47464
24.90347
22.34434
21.19163
19.88757
19.06209
20.57276
28.01501
33.72061
43.99489
47.90009
44.4103
45.39657
36.59008
33.89129
30.10157
33.65313
31.05455
30.30594
30.70096
32.34968
36.31005
48.03695
48.95964
34.00188
27.01147
22.90005
20.27846
20.16052
21.14637
21.58925
29.58558
41.9661
49.54062
52.38357
44.83514
44.90097
42.27301
36.22385
36.26799
31.34953
28.09321
26.30614
26.05781
27.90218
34.53241
46.0795
49.0843
38.13493
30.59421
29.04988
26.66147
23.61206
24.21724
29.094
33.54629
41.91234
58.4712
47.8806
42.75895
42.72561
37.80375
33.53539
31.23017
33.89529
31.50871
29.97874
30.20693
30.16119
31.65744
35.33108
34.27705
28.66038
23.06926
20.52403
20.04774
18.93661
20
21.35963
28.92398
37.11685
52.17991
50.46381
47.61407
44.33443
38.14157
34.05599
31.57272
32.0348
30.53723
29.8594
29.45161
29.75123
29.88988
33.59659
30.97988
28.66444
23.45479
21.86152
21.08949
19.87066
19.99445
22.82579
29.27068
36.26574
51.10482
54.24745
49.22282
43.45375
36.22557
32.8671
30.91004
28.50339
28.35651
28.00421
27.66687
29.1163
30.79189
38.44493
44.83965
33.67947
29.35309
29.01407
27.95769
28.17817
29.08611
29.48102
33.97433
41.85273
52.48934
50.79935
49.72454
46.7715
37.52654
34.50336
32.28122
29.02873
29.03774
28.03853
26.69039
28.61453
31.27476
40.99201
43.39557
35.90129
30.2864
28.40506
25.35472
25.71979
26.16846
27.9911
32.14174
39.31779
50.43865
49.79099
46.06472
44.42277
38.38691
34.29207
32.92947
30.85939
30.27134
29.85769
29.68447
30.21935
35.52434
45.99207
46.93522
33.65275
27.89188
24.08627
22.97228
22.12928
23.0542
23.95822
32.57584
39.82775
51.78989
50.79604
45.62063
44.78766
41.0617
37.76946
35.77997
29.72177
28.11011
27.6205
26.41918
28.20389
35.55207
46.79324
47.74487
33.98353
27.714
26.60362
24.25594
21.13307
24.08129
26.71725
30.34972
37.34672
46.05371
49.70172
44.33325
41.44259
37.73179
34.19341
31.82232
28.14406
26.18213
24.92521
25.12191
27.38305
31.64545
41.04771
44.10365
34.24456
29.04038
26.73147
23.92415
22.53875
20.91877
23.5794
28.24332
35.19749
38.60334
43.01243
38.354
37.97507
36.17585
35.11826
29.68623
28.62858
26.56853
25.92502
25.88456
26.67637
29.06528
33.86768
33.85548
25.88564
17.59144
10.8619
10.22562
8.17016
7.62719
10.28637
19.95021
31.19821
37.42204
43.93517
39.68524
37.73938
37.70844
34.27463
33.12756
34.31906
32.5358
31.40393
31.61766
32.18954
36.24084
38.26916
36.34219
30.47424
27.15013
21.77645
20.69875
17.799
18.79196
21.06311
28.63209
36.20575
48.19139
55.45848
44.66077
42.20511
40.24853
35.22357
31.91803
30.07522
29.19362
27.30698
28.18442
29.34195
33.83618
43.51932
47.43952
34.59796
29.89446
26.55814
27.78621
24.80572
25.61255
24.88638
29.97106
37.88986
50.93471
55.95808
46.77321
45.0821
38.49714
35.18798
33.82713
30.35871
28.84257
28.2551
28.57109
29.26909
35.95335
53.50837
48.51242
33.76708
26.39501
23.30023
21.04317
20.51279
20.83706
23.26144
29.31364
36.99979
53.7747
56.91469
46.96481
45.71465
39.85363
35.30404
32.96757
28.56635
28.32601
27.26549
27.3374
28.56883
35.47054
48.67897
48.06789
32.29445
24.48955
22.1823
20.21465
19.01789
19.34608
21.02239
29.36661
35.05225
45.3839
56.13542
45.66131
41.37317
37.24039
33.7342
30.55383
29.14177
28.12113
27.30384
27.58051
28.49471
33.95186
45.70809
45.77319
32.09223
24.91856
22.16699
19.20844
18.22471
18.33813
20.3097
26.55295
34.81182
51.10012
46.12013
44.22127
40.21045
36.1549
33.25642
28.52512
27.85743
26.56755
26.21371
26.50082
29.11132
33.21387
43.72022
43.29131
30.70275
27.80463
23.27139
21.66583
19.22922
18.88156
20.20915
27.69906
36.30597
50.16972
53.51635
45.79626
45.41124
42.66317
36.14909
33.29178
33.6829
31.92433
30.91398
31.3714
30.5973
34.56232
38.46589
36.35321
32.15173
27.69519
20.05199
18.74323
15.9179
14.93381
15.31857
21.25404
33.61309
44.20515
43.97766
41.65413
40.42494
37.03477
34.89441
31.80039
32.67297
32.51432
31.45634
30.98116
31.53046
34.04653
36.27362
31.81058
27.01
17.00828
14.6859
13.77665
11.05972
12.18137
14.51656
22.00683
35.34072
47.27
48.5424
42.48973
39.76887
36.21241
34.12665
30.17279
28.04
26.48712
26.40289
26.637
29.0829
34.00203
43.82539
42.34863
31.03277
25.29271
25.30599
23.83877
22.23833
23.02401
25.3526
28.20261
37.25074
50.60925
53.94247
45.72523
43.76073
38.80766
34.20253
30.56933
28.15459
26.35256
25.81062
25.82123
28.48053
33.63174
41.8828
42.87966
30.3231
26.59728
25.78526
23.73683
22.76958
23.62141
25.3223
28.16982
34.86445
50.59306
53.01942
41.37071
39.90455
35.21467
32.64493
29.67842
27.91053
26.88512
25.87911
25.83338
28.47125
32.61528
41.48294
41.32565
29.04681
22.42621
21.05167
20.38864
18.49464
19.3827
20.08791
25.17522
35.62874
47.62879
46.66056
42.34541
40.98744
37.99342
33.60998
30.84326