20.41507
18.31705
18.41461
17.95246
20.82112
28.09269
32.1776
21.57939
15.57612
15.23691
15.46617
15.01931
14.4868
15.76447
17.32039
16.92803
16.66512
19.16665
29.50299
44.46364
54.41573
43.32705
32.7174
29.07845
31.0182
26.97033
26.78168
26.54428
26.54325
31.40106
20.2062
10.3019
6.5636
9.95689
9.97614
14.14256
19.81255
24.44559
27.00356
30.04773
32.6069
31.68275
34.82502
55.6528
58.01029
48.35705
33.823
27.28281
27.13829
24.40677
20.73591
19.88757
20.57806
19.00341
13.13189
1.80787
0.96651
2.44123
5.88448
8.17244
17.03358
22.70209
22.9966
29.24777
25.45049
26.59626
34.27513
58.01508
60.57114
45.85211
32.26894
27.56103
25.4949
24.19063
21.26004
18.82223
22.20055
28.98245
29.81082
19.48084
15.43368
14.71015
16.05377
19.22073
24.22978
24.08717
25.60758
27.18206
28.01685
28.15681
34.38421
70.83761
57.73611
45.41815
32.72725
27.70146
27.50428
22.39967
21.24719
19.91863
21.95556
28.71467
33.29835
25.96611
18.17592
17.32839
18.95371
19.0366
19.15229
20.6056
25.20551
24.45385
28.70689
30.8684
39.14883
54.6653
49.96056
39.2073
29.8159
27.65955
24.4705
21.93056
20.69816
20.03988
21.7076
26.14249
33.18957
28.87607
23.95246
23.43994
23.40195
22.91435
21.32707
22.89038
22.31978
23.70436
24.01567
29.20549
38.2835
50.67127
48.72407
40.74233
28.71917
24.421
20.69402
18.48245
19.5255
18.14227
19.16777
23.11029
26.95329
22.47514
16.8659
17.3925
16.61681
16.47434
15.90295
16.42835
17.20736
18.25237
18.56614
24.03585
32.76597
44.29357
47.93913
40.92894
29.10929
23.55582
21.55089
18.2845
17.49603
17.17663
19.8255
23.73658
28.04478
20.3832
18.88392
19.66046
20.58955
21.59052
23.97999
24.1622
24.40733
27.27228
26.15914
29.54767
37.07165
49.34999
45.57685
39.77155
30.56516
26.64595
26.58461
22.96051
19.80617
19.99553
19.01434
16.11162
13.03406
3.83888
0.97521
0.8567
1.26316
3.7782
5.63997
6.50511
5.95324
8.83673
14.2442
20.34495
33.36505
41.8112
46.71157
41.60041
31.52737
25.24265
17.94884
14.87376
15.43183
12.15621
12.5627
10.17429
3.64815
-2.0025
-4.98321
-4.95439
-4.59827
-2.01143
-0.18786
0.00189
0.28274
4.91413
9.06944
18.31816
31.02466
41.43261
43.35385
36.8286
28.1356
20.43476
22.67194
20.36041
18.61276
19.10224
21.29236
26.96464
28.27637
24.94023
22.27844
21.60604
22.27777
22.9915
23.54021
23.80675
22.75005
24.25686
25.49292
31.06306
34.56063
62.34468
50.63057
43.87733
31.4156
28.01093
30.29702
25.28471
23.71322
22.64869
24.2095
27.7312
31.81281
26.722
23.73595
24.35449
25.11881
26.3635
31.65695
30.15809
33.54333
33.80149
37.43463
45.42405
56.36674
88.34468
64.00407
49.77991
34.05427
30.50624
28.75179
25.72445
23.6701
23.34469
23.95958
26.35701
28.71119
25.24537
22.46596
23.8306
24.89904
27.22832
29.2505
30.5851
30.69778
33.54999
37.04712
47.83341
63.6348
93.62827
67.53104
49.51201
34.86086
32.06299
29.51413
28.46786
25.61639
24.51765
25.31704
28.83144
29.91136
27.49105
24.10779
24.30079
24.8237
26.3624
27.76846
27.94993
28.75199
31.42548
33.2996
36.96077
49.78693
72.65852
54.54776
43.5414
32.94007
30.87103
29.76749
28.32344
27.31798
25.88918
26.90771
28.31354
29.31397
27.1318
24.31836
23.74975
24.07442
24.87921
25.53246
27.08998
26.44386
28.34937
30.33772
31.50332
38.31409
49.40423
46.48691
40.69825
31.88239
28.80253
29.48637
27.42722
25.49721
24.9413
25.08294
26.1375
26.75018
24.01518
19.48973
17.61025
12.27025
9.84033
10.39462
10.53814
9.17939
12.4924
18.01555
23.43919
29.76282
40.13801
43.76085
40.90485
33.31172
26.33884
23.31244
22.16622
22.62996
24.32789
24.69734
25.9293
15.46506
5.0083
0.11098
0.00141
-0.65924
-1.02381
-0.04787
-0.0494
-0.09961
0.79995
7.91098
12.54375
26.61537
36.57636
42.94734
36.34853
29.05254
24.5378
20.59008
17.63289
16.31234
16.32753
19.99797
23.94393
29.68598
24.68771
18.77802
20.49732
19.60824
21.23154
21.61836
23.38244
21.64944
23.70588
24.60953
27.31984
33.0332
43.68432
45.23949
39.37162
30.37014
25.58227
27.42646
25.552
24.8169
24.37236
26.51061
29.9746
30.88839
28.05271
24.94834
22.7789
24.25355
25.43199
26.3355
28.34081
29.98826
29.78109
30.3086
35.51503
41.67949
53.66249
49.95985
43.16603
31.4719
30.36293
29.89618
26.10134
25.02377
24.88917
25.77619
30.40179
30.19445
27.16304
23.61059
23.92879
25.79724
26.56733
28.95322
30.13298
30.85307
33.36992
34.48832
38.98573
48.66111
62.60207
53.06704
44.75835
34.05013
30.62163
29.69068
28.30138
26.22205
25.60579
26.29764
30.22228
28.40418
24.23751
17.76669
20.75665
22.08183
23.98316
25.99043
27.39601
28.48301
30.70346
33.67247
35.37068
46.84084
64.36685
51.85373
46.67488
33.1552
31.59321
28.29781
26.73757
25.27494
23.6007
24.62343
28.20568
28.19593
21.83361
17.99137
20.96373
24.03451
27.29311
29.13652
31.32842
31.28945
36.36542
36.73081
39.67911
52.05275
72.48976
55.05263
47.39
34.70209
31.90995
27.98563
26.23957
25.58038
24.9844
24.10417
25.76151
20.62046
12.39694
12.37437
14.74621
15.04639
18.56579
23.22305
26.86504
29.05113
30.39059
35.467
40.09567
50.7636
70.31339
54.75127
44.19909
33.60094
30.86156
29.05116
26.66195
26.06667
24.85309
24.53046
24.37066
22.21937
11.8152
7.73389
8.6958
11.75292
17.7167
21.09574
23.27335
25.14787
26.67008
29.0804
32.38068
41.92099
48.34145
44.66256
39.57919
30.44002
26.42346
26.5065
22.51104
21.09479
20.43897
22.23871
26.40859
27.16692
22.2512
14.91128
15.10595
18.57173
21.49285
23.2344
25.34084
25.34646
28.13562
30.62715
32.46654
41.25536
53.77152
46.07979
37.91157
33.35764
28.38877
30.33822
27.28154
23.82845
23.14063
24.0816
28.96619
30.4364
24.38226
19.90611
23.00364
23.11291
25.86402
26.099
26.84621
27.13356
27.58864
30.73077
30.66539
42.76245
59.45387
50.00003
40.78795
30.91665
28.96922
30.05326
26.57695
24.72989
23.38249
23.30739
28.66623
29.99929
26.44757
22.00631
24.1789
23.68673
25.73274
25.91326
26.81744
26.5328
27.49749
29.61894
31.3402
45.30479
64.39503
50.46912
41.71741
32.82893
29.8634
26.2127
22.73186
20.38834
20.81855
22.05041
26.41291
29.30214
22.46518
17.81888
18.17163
18.24389
19.66691
20.49825
22.3641
23.49164
23.90839
24.98794
27.28725
36.71918
57.04229
49.31731
37.15425
29.49485
26.06897
27.27598
24.18843
22.25524
21.93768
23.72775
37.85095
37.54251
27.51686
19.56708
21.3163
22.27463
25.07326
26.17921
30.38204
29.54885
31.28449
35.25289
40.20671
48.482
62.51132
54.82009
48.03527
41.28087
36.4957
28.57265
27.85803
27.3903
26.48762
27.70849
38.23824
27.65593
20.36908
14.73618
19.42131
21.40315
24.43779
28.57048
30.19106
30.76249
36.63646
38.78805
42.25112
50.07758
63.76542
52.14499
45.14659
38.55709
34.0958