21.25964
16.71969
16.69953
12.03201
17.35944
32.47466
39.04994
31.20111
25.76642
18.16931
15.74998
14.20424
13.99222
14.09211
14.46329
16.0699
22.69673
26.53879
31.89237
38.95096
46.43169
36.73621
24.90149
28.84859
34.77019
33.70726
32.23737
29.59188
31.88573
36.85936
38.60382
29.74885
26.55443
24.12086
22.82159
18.7555
17.86106
17.49567
17.07745
15.70645
20.0021
25.27414
29.63379
45.77535
56.82221
51.24431
45.539
39.86747
29.30266
26.49433
24.80425
24.76081
27.09578
33.11648
43.83415
28.03937
22.1412
20.16815
15.80536
15.24847
14.45449
14.43709
14.70655
15.86811
16.33993
22.6279
32.25973
41.2549
56.87649
48.85641
49.90366
42.12228
37.36217
34.65523
33.42892
32.03476
32.15095
38.42487
43.98839
26.13247
16.52652
14.0002
12.86918
13.34149
13.43151
14.38958
17.77539
20.90417
22.41
27.19131
42.61827
51.62269
63.2737
49.62925
45.68183
38.96355
40.1402
37.29266
36.99229
35.77401
35.19881
41.6462
33.71919
16.65047
9.11215
9.01344
9.34629
11.78413
13.74763
15.3513
17.94651
19.81681
21.1061
27.7456
40.55114
51.24144
66.14373
47.87434
42.16839
39.62072
37.68392
35.60919
33.85258
33.77953
34.48159
34.81476
31.93216
7.67716
5.59317
3.6055
2.06583
5.02989
5.69208
9.67117
10.53925
11.08135
11.60623
32.46063
44.90262
54.01658
57.40227
42.883
28.35039
23.79196
17.34824
12.59598
9.75264
8.41492
12.24381
25.96572
34.93977
27.36139
19.12078
17.58399
17.38786
20.02528
20.03054
19.7764
20.57254
20.7023
24.92239
28.5526
40.58236
59.73862
73.49638
45.39338
29.35889
26.27411
20.51362
16.17203
12.54196
11.13626
18.43182
27.30751
36.67464
27.22319
20.10204
18.64712
20.20037
19.75322
19.85899
21.5389
21.79883
24.10271
26.18681
30.06764
42.6014
51.02155
59.88484
44.07204
31.03427
26.93637
22.81287
23.86143
17.60804
17.41907
19.72147
29.81383
36.85556
21.48414
11.76732
9.08744
8.96594
11.09778
13.18191
12.81112
13.81051
14.31716
16.23813
22.89016
39.0616
49.58605
56.36677
43.00209
31.13906
24.26158
23.05527
19.76523
17.60733
16.21343
18.10619
29.08381
38.62167
22.75688
14.1625
10.82069
10.14092
10.27065
11.12132
13.04329
14.3786
12.79416
13.53737
23.25371
42.21321
51.83406
60.21444
45.44987
30.27871
27.03235
22.99035
17.03998
15.32063
14.28874
16.75904
29.063
30.09317
24.75124
15.04217
12.46275
8.63572
7.11394
6.97162
8.83529
9.5917
12.69282
15.38826
18.2632
34.24639
45.15195
51.00609
43.76534
29.59754
25.66111
20.26507
14.88857
14.6229
13.42842
14.25979
18.57294
16.89433
8.42962
0.66439
1.02227
0.01044
0.00006
0.00015
0
0
0
0.00996
12.85241
30.65305
39.91691
48.52395
40.71753
29.57441
23.06378
18.50823
16.57546
14.343
11.12605
11.33527
15.49565
10.54094
0.20957
-5.52384
-7.5513
-11.55065
-12.22798
-12.63754
-11.98924
-9.56341
-6.71376
-0.0744
11.02229
25.71848
36.03953
45.77153
36.35858
28.59455
19.22666
15.08676
10.50956
10.42038
10.30544
12.17156
23.73908
28.89881
24.77328
15.19548
12.86104
9.70016
10.3109
10.44644
10.40095
12.02252
13.38337
15.52701
19.93323
29.75542
39.64959
47.99338
37.67699
28.51505
20.95949
20.78824
15.01011
14.0633
13.96054
18.52231
29.10931
31.82951
24.66243
15.08893
12.68419
10.98957
10.40212
9.68553
10.72697
9.97081
9.68554
14.81713
19.68619
30.49155
45.26615
61.25635
44.11316
30.434
25.81338
24.93784
20.87298
20.2654
20.03489
22.42678
34.90516
35.02693
23.40771
15.52058
12.27738
11.34634
10.38679
10.02336
8.60954
9.90709
9.37934
11.35357
16.12806
27.44932
40.29364
52.06956
40.38382
29.54563
22.20547
12.32208
10.40875
8.41001
7.13939
12.59088
27.10436
29.0503
17.73919
9.94048
7.94272
4.98911
2.69884
1.8359
1.38665
3.23355
4.47425
5.93048
10.33369
24.75928
41.16321
53.98838
40.79381
26.73771
18.48623
13.37528
11.3384
9.43217
7.84512
9.4748
20.12866
25.38868
13.03061
7.98194
4.93275
5.27065
6.48704
6.89979
7.84274
9.79737
7.90315
9.34127
12.83759
26.86998
38.69826
51.63541
38.96338
28.71374
23.35852
18.24822
15.19227
12.54189
10.3048
12.01503
17.17774
15.26066
7.88595
0.16957
-0.04961
0.04933
0.42314
0.01007
0.00974
0
0
1.47947
12.4672
28.16015
38.33359
51.45168
41.31208
33.09034
22.79499
16.86105
11.29357
7.23182
5.42805
6.07825
8.17176
7.28371
0.25775
-2.38313
-4.73302
-4.29597
-4.08528
-4.82323
-3.4054
-0.97994
0
0.6363
9.12328
32.40066
36.94779
51.59416
37.87196
27.11654
17.71859
15.16961
14.82177
14.10463
14.79186
20.7591
27.05408
29.20018
25.22071
19.60248
14.18787
14.26569
14.31277
14.19873
14.31916
14.02712
14.65002
16.68054
22.56313
30.26244
39.77433
57.57646
38.41756
26.23245
21.81129
19.34634
18.09147
17.77195
17.8955
20.9135
27.84483
31.09647
25.16069
18.89981
17.6776
17.95718
18.21398
17.64529
18.33491
17.44178
17.76718
18.95821
22.55895
30.01668
38.25787
51.55469
38.05492
28.00145
23.68483
22.9812
19.98567
18.15048
18.02195
20.8598
26.81522
32.77226
26.29656
20.28564
19.56373
19.20758
19.18827
18.03748
17.9187
19.14271
18.98038
21.09756
24.21033
31.15211
39.29076
52.37827
39.3231
29.70105
23.73638
24.57048
23.31968
22.29807
21.46098
24.27598
29.54178
32.97298
25.73309
21.00473
20.43647
18.99438
17.88975
17.9378
14.83707
14.92957
18.33093
19.21333
24.15289
32.15618
43.8548
56.63473
42.5893
33.8526
25.98179
22.16672
20.28883
19.6563
19.63381
21.68764
30.30309
32.84234
26.84264
21.23945
20.07329
19.12
16.53665
15.27219
13.30848
12.83974
12.19895
12.89223
19.75513
25.83885
37.43055
44.66784
40.31339
32.81249
24.52405
21.14554
19.76902
18.44171
17.14563
18.49369
17.41381
13.48538
6.32717
2.77963
0.64948
-0.02465
-0.0506
-1.08807
-2.12019
-1.02474
-0.00068
0.49413
4.98119
19.58641
36.93458
46.25474
38.2706
25.90008
19.81974
21.83015
15.37351
12.6332
12.40807
13.96508
16.64067
6.94872
0.11759
-1.60346
-2.80391
-1.0315
-0.00456
-0.00076
-1.05693
0.00971
1.02263
6.48562
18.46839
30.5397
37.69229
50.74055
36.95236
30.55748
24.44652
21.38007
17.537
17.45937
17.51547
19.73326
21.48332
14.96612
5.41135
0.17464
0.26999
0.95469
3.22753
5.05887
12.06927
14.53692
17.24317
20.35336
25.30949
34.77313
44.51358
58.04342
41.4259
29.51973
22.6779
19.7442
20.25758
20.43587
19.45298
20.85561
28.79545
35.38555
28.78889
18.73005
18.14336
20.28995
22.5466
21.31278
24.09676
25.03501
26.66589
30.70121
33.27055
41.33643
57.77835
53.11914
40.93663
30.12131
25.26974
24.56191
21.72494
21.68397
20.53064
21.96587
31.32827
36.37747
23.84742
17.65609
15.73421
15.22064
15.35466
13.89257
12.93153
7.8844
11.92387
11.11026
15.50504
26.53154
43.45449
55.52957
42.5247
30.7587
25.03287
18.44171
17.14563
18.49369
17.41381
13.48538
6.32717
2.77963
0.64948
-0.02465
-0.0506
-1.08807
-2.12019
-1.02474
-0.00068
0.49413
4.98119
19.58641
36.93458
46.25474
38.2706
25.90008
19.81974
21.83015
15.37351