27.34976
26.72432
25.98746
25.657
28.88194
33.85592
39.87819
42.00037
31.62505
25.64868
23.90219
22.81289
21.94491
21.97457
24.73657
28.50494
35.64326
45.84328
50.74485
43.58013
42.4485
38.17029
33.98519
29.19749
25.94469
26.01266
24.79454
23.98365
26.42716
30.78536
37.73221
37.27569
26.32303
19.29887
17.81226
14.96151
13.31695
15.48265
16.67676
22.50215
32.87505
41.27473
46.72297
37.49639
37.30824
35.05352
30.37249
27.25947
24.67106
24.50745
23.95381
23.85746
24.77339
28.09039
31.64899
26.93841
19.47037
10.48085
10.31248
8.48597
6.98671
7.03788
8.28475
16.69947
29.68156
39.59495
38.85306
36.20906
34.66157
29.71853
27.08946
24.71999
23.05924
23.04494
22.14737
22.47875
22.79709
24.32019
27.15238
21.44311
11.80645
3.23638
1.98054
1.83214
1.11537
2.42023
3.14886
14.29702
28.56868
38.32813
39.45311
36.47914
36.03436
30.93734
26.58686
22.95777
22.63823
23.86338
20.97136
18.84972
22.74661
28.54834
36.94638
35.81735
21.54499
14.30161
7.00759
7.18067
5.22043
6.86436
8.93133
22.05642
33.34171
39.34202
44.08301
37.26265
34.55789
29.68483
24.53007
25.33355
20.41528
21.17291
19.75843
19.62787
20.27366
30.27669
36.96505
37.36296
23.42557
17.3045
12.46352
14.03699
10.40791
14.26018
19.97422
22.65499
30.85298
40.44475
45.5043
37.96838
36.80673
33.70708
29.88049
27.7602
21.67941
24.60226
21.78813
22.29903
25.80336
29.91872
41.47665
39.42809
23.2832
13.94746
9.62409
10.55578
9.75406
11.66435
11.11655
20.08515
31.51613
44.98418
46.4495
38.02772
35.58063
33.10526
29.77111
27.03033
23.57281
22.80261
21.97808
21.11859
23.68387
31.41875
41.59531
37.48675
22.71548
13.89418
7.9128
8.05673
8.45548
9.49234
12.57705
19.76749
30.46601
45.23502
55.08683
37.71036
35.32666
33.2391
28.52782
26.18301
25.52401
24.03546
23.02786
23.02704
24.79378
31.28299
39.98251
37.11007
26.18853
19.15811
11.53011
11.41735
11.32462
12.35109
10.53529
17.63815
29.78942
38.4631
37.76955
34.63104
32.40205
30.61009
27.05347
25.41123
24.06359
23.24312
23.17493
22.76088
23.17687
26.86996
34.33515
30.58098
21.00921
6.71268
2.42795
0.74478
-0.11691
-0.36483
0.68547
6.01459
26.58527
38.63655
41.15547
39.03212
38.06054
34.74345
29.83954
28.94645
28.80445
26.39784
25.39703
26.34255
28.18469
31.59349
36.98197
28.01541
22.02497
11.80325
5.22279
6.52987
4.70558
4.7022
7.34265
18.27461
25.49037
39.24854
42.01878
41.6474
37.82681
32.87179
29.76006
27.17773
23.4604
22.2824
21.7258
21.80227
24.52895
30.69845
43.52103
40.06391
25.83847
19.75638
9.09049
11.75628
7.47704
8.43482
8.75033
21.16973
31.11383
39.91058
47.66946
41.66374
42.5264
37.89146
30.53578
28.9127
31.50632
29.29936
27.54027
28.58185
29.9432
37.78865
53.55745
44.86643
31.39163
27.80805
21.00472
18.33445
19.72966
18.37868
18.5041
21.79804
34.37992
39.37055
54.90733
45.48583
45.84544
38.96809
32.88074
32.27557
35.4051
30.8603
29.78766
31.77668
34.32084
35.20528
54.63077
46.173
36.77887
28.22795
24.49011
23.10053
22.0627
22.27868
21.37894
24.27069
30.54889
47.64186
48.44917
46.07356
42.78396
38.17236
33.56742
29.1906
28.74893
24.72337
24.17277
24.03774
28.54601
34.06585
43.61807
48.4392
32.95397
27.10564
20.92067
18.3759
15.12183
15.42618
17.1739
20.76405
31.30975
47.42498
54.26083
50.32503
46.71161
41.65486
38.69203
33.7224
29.6616
27.80209
26.45342
25.75016
29.24255
38.5668
43.36924
39.47034
32.84113
28.76797
16.19723
14.68777
12.81867
11.12492
11.36511
18.41569
30.36073
44.60262
48.96585
46.1222
45.10148
41.49755
36.336
34.03908
36.52155
36.58738
34.40893
32.76996
34.25826
39.98467
42.81428
35.15814
22.12436
13.06366
9.41367
6.40481
5.66364
4.44908
5.79354
14.29201
26.80481
44.96989
51.91031
43.64337
41.86649
38.37218
36.10227
32.56524
34.98797
31.03512
27.63884
26.20073
26.21971
31.07857
33.60871
26.73348
15.10767
5.03572
-0.51448
-0.56491
-0.20377
-0.1416
-0.39512
2.84351
22.99125
40.22827
47.38974
46.17664
42.88889
38.84144
34.45226
30.55825
34.8585
32.68133
27.98526
27.68646
31.39718
34.92302
55.18386
46.33332
31.35937
24.92109
19.51936
14.05036
13.01991
12.04112
13.09548
20.24615
33.83663
48.13361
66.42031
56.29559
52.35833
44.71769
36.91625
36.12929
38.8031
34.58613
34.5235
35.08552
39.68229
48.87978
73.69675
56.82697
40.21644
31.97049
20.08871
16.69313
16.70507
14.78631
15.34079
21.14702
36.42093
52.75394
61.83631
70.83023
61.5147
51.49657
45.14663
40.09365
39.01787
37.44061
45.94234
46.51132
51.58775
65.42993
93.52732
65.12072
42.13609
32.52513
27.55928
21.86401
19.03469
14.94953
19.45578
30.34592
41.42536
63.42801
74.1
72.04632
68.07468
61.58978
53.03024
45.81367
44.53463
38.18354
36.49617
37.88773
42.66626
59.23424
92.67598
66.40683
39.30213
30.9918
24.77086
19.97741
12.92153
12.96565
15.10564
23.37578
41.65277
63.51519
93.08581
71.82554
67.86077
64.99533
50.48244
46.61676
36.34119
33.59932
30.28468
30.20563
34.06848
41.31023
57.60451
43.53609
29.20739
24.418
16.1414
9.88245
4.86392
4.56862
3.93894
14.69277
27.97098
43.82976
58.90679
48.17971
47.34433
51.76703
50.68329
43.17199
39.63666
34.45578
34.40042
33.62088
34.78412
40.44295
43.14921
33.26008
25.98509
16.40635
5.15696
0.23926
-0.08042
-0.66441
-0.27315
2.55097
25.21395
42.67729
54.29598
44.64048
42.69165
42.34036
39.1785
36.79261
36.05478
33.39621
33.31088
34.93872
38.51344
42.79378
44.14225
33.02549
20.85634
7.04562
0.75679
0.16012
-0.76025
-3.67566
-0.14638
2.15511
21.56738
44.00053
63.56482
53.30987
47.7715
39.8966
36.52748
31.66248
31.83575
31.40112
28.31144
28.34743
31.47283
38.90314
57.38008
43.83225
27.51283
-4.90121
-11.83711
-5.30135
-7.88222
-7.88859
-5.10061
4.86305
31.73526
44.56135
72.7803
60.14138
53.57082
45.28969
38.29065
33.17339
29.72757
29.53093
27.64846
27.32366
30.78217
39.10538
61.22167
50.48216
33.66548
27.69403
21.6776
21.06589
20.62028
17.1144
9.66511
23.8123
30.08766
46.18276
62.77327
57.12099
53.06135
46.42719
35.4456
33.15995
29.5408
28.96067
27.46954
28.14563
31.44126
40.41356
58.3127
43.68897
26.85097
7.42677
1.93842
-2.77744
-5.32069
-8.57712
-5.42509
7.76937
30.47102
49.08912
83.63949
58.4259
50.98594
43.82611
38.77134
34.31305