23.78116
21.93586
21.6081
20.10975
21.57172
23.26852
25.75521
19.56294
8.17658
0.00978
-0.00004
-0.01142
-3.43677
-0.00999
-1.90354
0
0.47478
11.03897
28.99403
42.80094
41.51803
34.50804
26.12762
23.17531
17.6712
16.34875
14.12687
14.68663
18.22225
25.59382
37.3068
36.04993
22.33364
11.00941
4.69135
1.76713
-0.41884
-1.11418
-0.60017
-1.65811
9.36447
25.02225
35.4384
55.19882
47.37033
41.7174
29.36761
26.88428
25.83968
26.11935
24.64325
24.51404
26.66168
29.71645
46.66059
39.43365
26.40925
21.53419
14.11246
11.48585
11.70998
13.37229
16.31
19.08634
20.97439
28.7692
39.27007
64.00835
54.21322
42.22552
32.69024
28.32569
27.07702
26.20604
25.00071
23.49104
25.31317
29.61427
45.51339
37.18833
28.42346
24.06214
19.63
16.98635
14.01301
17.80592
18.7736
20.20302
19.08531
25.7323
36.36991
54.54172
50.93205
37.2353
30.28895
27.2473
21.69573
20.9356
20.39
19.61985
21.41138
27.3751
37.88914
31.22997
23.45987
16.27173
10.24068
13.77981
11.08437
12.77756
10.42985
14.19967
16.82471
25.38964
35.95388
50.70972
51.12992
37.63371
30.4874
26.4906
21.40033
19.19412
17.83244
17.30502
19.01389
24.7104
34.52819
30.66933
26.02161
21.37707
19.48424
15.57773
13.70757
13.45195
13.59224
16.67008
22.41346
26.16479
33.33921
47.07387
43.89236
33.90092
28.7871
25.85008
26.74382
23.80636
22.44767
20.2861
20.40663
23.60139
27.03593
23.61395
21.12443
18.19169
15.20341
5.03145
1.05447
0.9236
0.00941
0.99449
5.0221
20.38111
32.51384
49.51276
48.20478
39.71584
29.55874
25.42965
19.59436
18.97094
17.24387
16.63045
17.87804
18.63584
22.33157
12.09033
-0.0008
-4.99963
-6.70955
-9.26886
-12.1024
-10.47446
-10.4991
-5.07968
0
12.19666
30.90434
45.72456
53.50192
40.29838
29.44671
24.50413
19.67021
19.66988
19.7019
20.74291
25.39255
29.17791
46.63679
43.01378
26.37379
20.12182
18.06251
20.03979
21.62972
25.6588
26.71661
27.1999
29.9099
36.14529
54.93838
99.55588
100.93921
49.79075
42.23383
35.11828
27.01593
26.90932
24.86034
25.33153
26.92979
35.06018
54.9528
42.67892
28.46382
27.11182
26.16625
24.66246
22.04722
23.79271
22.1475
24.35905
28.79608
37.04337
52.12967
69.84696
65.85432
45.89485
34.21149
29.17296
25.6095
24.84273
22.60122
21.92202
23.12879
33.03671
51.38823
39.12425
25.42375
23.32223
20.60819
15.25226
13.58882
13.23398
14.92343
16.63103
21.14609
31.06854
50.66123
68.34296
59.38215
45.55705
32.05658
26.79522
24.19389
23.5944
22.30221
21.45601
23.71273
38.01545
49.81609
35.63717
24.39845
15.18027
7.34081
3.84667
2.68978
1.05021
1.02313
4.43864
10.72468
23.29652
35.29856
55.56211
59.15395
43.85676
32.75893
26.91156
26.94859
26.57922
26.1007
26.24897
27.11583
45.76752
63.21678
36.00398
26.59724
24.48473
20.41563
17.9621
16.00862
16.43733
17.77847
20.37866
22.38481
28.19424
41.448
62.96897
66.3621
45.31425
35.81507
31.42246
27.46889
27.19145
27.06169
27.04211
27.17031
30.6821
34.23037
27.85641
25.75986
19.65754
16.3335
13.94716
13.8503
12.69652
16.62338
20.78093
24.4036
28.90857
41.31795
67.47352
60.99071
41.80473
34.32274
28.66841
27.04718
27.09711
27.43276
27.00991
26.97244
29.50368
27.29632
24.49862
22.17843
14.8093
13.40415
9.60868
5.9034
6.9018
5.32861
11.64779
14.99479
26.52571
36.77741
58.38788
61.07321
41.65512
29.29956
26.9509
21.16263
20.46167
17.45152
17.47599
22.83054
34.57251
39.72532
30.44883
26.59264
24.79459
23.44721
18.77489
12.28704
11.99041
11.55423
11.90287
16.21915
24.3346
35.91038
59.60376
60.39068
38.32598
27.1972
25.25827
23.63327
20.42427
20.97853
18.63986
21.60036
32.42206
45.97365
35.38504
22.79718
16.33576
9.15282
7.30796
5.52286
10.42378
10.19579
10.82057
18.73799
25.63235
38.55214
64.49035
73.04692
46.39758
36.48178
30.73765
30.67248
28.74625
28.09325
27.9742
28.87763
40.06469
50.5484
38.38151
28.04645
27.36071
23.74395
21.37994
19.6782
18.63535
19.33292
18.13876
21.15703
27.68913
37.37074
62.66253
67.79652
43.86993
34.09803
28.13745
25.54109
22.08367
21.20431
19.87951
23.21714
34.98956
45.99676
33.79824
27.49132
17.111
7.8461
1.30411
0.47588
-5.31392
-5.26735
-3.13029
6.3426
22.91323
32.29268
44.2025
51.0572
41.60298
30.54157
25.29583
20.88582
18.92941
17.82477
17.29663
20.10461
33.52407
39.61154
30.34177
17.44191
8.22289
5.55104
8.4807
7.56255
9.45891
9.69526
10.02918
14.27795
21.53385
31.42721
44.17422
52.05265
42.01549
33.81696
27.71406
25.36394
21.47213
18.89891
18.79283
22.52165
27.1007
29.86003
18.8236
5.0074
1.76247
0.03839
0.01694
0.01302
0.99559
2.79688
9.98009
17.89565
23.17826
33.87201
45.99303
52.12664
39.04405
27.33748
23.53011
25.1711
25.07056
23.00095
23.09472
24.0055
25.05247
24.46159
17.05626
2.61154
1.05388
0.07525
0.98207
0.98404
6.13645
9.76082
13.69548
14.81628
21.56641
32.27119
49.03068
51.92393
39.66926
27.57093
24.53756
23.31538
22.86765
20.70989
18.60138
23.11847
30.20817
37.6303
28.45348
20.8483
21.33788
18.92024
23.09393
22.93922
24.51054
25.43657
25.35834
26.55428
29.36384
42.20566
76.02692
69.82366
41.18615
30.98511
26.46621
25.99761
24.22159
23.09166
23.342
24.09875
34.24444
52.1043
35.02188
26.23336
22.23158
18.15238
18.33586
21.99323
25.61917
27.34422
26.35059
30.38638
39.07256
51.60132
80.5587
62.34996
47.7338
33.98068
32.29134
23.89879
22.48181
20.86858
21.04335
22.77563
43.19849
47.34825
31.41619
24.20568
20.68328
20.42587
20.01639
20.46683
21.17671
22.39094
21.03273
25.31954
30.32742
46.72029
66.18108
61.12187
48.98256
31.15881
28.42214
22.41553
21.65984
20.21878
20.21336
21.98442
35.22942
42.90445
29.12359
22.18962
17.79436
17.01394
16.91663
17.18931
16.44865
16.23931
17.70615
22.07432
26.88959
40.27274
57.29621
56.14417
45.34547
28.02661
24.72911
19.10306
18.20945
15.38583
15.33127
18.42784
29.72716
38.70387
24.52642
14.19714
9.96004
10.30765
6.87594
5.55413
4.52231
5.09627
2.25541
0.98171
9.37789
30.01877
40.21204
47.48489
44.12049
28.96851
21.76019
18.58147
16.55467
14.9706
13.48318
16.07445
23.68999
29.96142
9.29829
0.93125
-2.93466
-7.5481
-7.87941
-8.62713
-8.55044
-6.95145
-5.83411
-1.00948
2.23898
32.30604
42.36923
51.34613
42.64512
26.46683
20.16776
13.0932
10.80585
9.81987
9.01672
8.84508
11.94289
9.03056
-1.30726
-7.67089
-13.11801
-15.56181
-15.82065
-15.86131
-15.81762
-15.19604
-12.03361
-4.94395
0.95311
24.99662
30.65001
42.53566
38.0226
22.98141
18.19883
10.73158
10.78805
7.79906
8.30778
13.04145
28.56367
37.34293
27.51445
18.57272
15.08326
13.06659
8.10838
7.22889
4.113
0.20158
0.06316
2.42645
18.46446
24.52011
36.56894
43.37574
36.20183
28.51546
26.9654