39.45651
38.1135
36.81329
36.85124
36.52272
40.5405
46.31589
45.93792
39.00592
38.70025
41.06779
43.30125
46.23497
44.59867
48.22819
53.28544
64.04954
71.1233
119.91185
156.18004
83.77548
62.64455
52.69483
44.79163
46.17636
40.6107
39.42074
38.22798
38.68007
42.00828
46.97057
42.76025
37.33424
37.35731
39.00785
41.4469
41.75424
44.21184
44.44161
49.14463
57.25958
61.95967
82.61142
103.79309
79.30095
65.18072
51.29695
44.10504
45.69522
45.60787
42.78693
41.15718
41.32444
43.99244
53.24795
43.81268
38.70715
40.06321
42.89906
45.91242
42.00495
41.61347
41.23449
45.0787
46.24941
48.58991
63.64763
86.36802
71.24525
64.12841
53.37929
45.40259
51.26436
43.18108
41.67887
39.59946
39.65913
40.8863
38.66658
34.75885
26.76471
29.67093
34.4998
36.21427
45.17864
38.71898
40.81382
41.548
45.95818
47.73784
59.68026
77.12953
62.73531
55.74729
47.42561
44.28155
43.53209
41.37487
39.20212
37.2094
37.39892
38.51129
35.8898
30.74329
22.23066
26.27118
30.52381
34.16014
37.21939
31.88795
35.66352
39.18674
44.74259
45.93876
53.48263
72.72929
68.95988
61.20423
47.54979
46.78127
43.3147
39.53083
36.6229
35.14265
35.52425
40.07453
45.28113
45.06501
35.73279
37.81017
37.48764
42.33598
40.2117
39.9482
51.31706
61.35244
66.80044
66.30286
180.89142
215.88061
136.05811
77.76639
47.00043
47.40708
56.8369
47.21766
44.80983
44.53679
47.37445
53.55731
63.32764
55.62656
42.54183
46.49596
54.86378
57.58197
54.0327
59.30502
66.65774
84.45692
97.96566
155.39381
415.64531
466.51641
219.61583
101.27294
64.03057
64.48062
55.39671
48.55505
48.77109
47.18101
48.94077
57.1725
63.34736
58.19342
46.11025
46.3423
53.49251
55.66853
58.51394
61.81004
62.0108
74.36948
88.89614
140.52864
322.773
330.43648
177.55713
86.06372
63.14488
54.22335
53.42077
48.76669
46.6813
42.91265
43.92116
50.98686
62.41028
52.50543
41.99644
40.84702
47.64058
51.14215
51.43397
55.06506
61.0646
66.11426
116.49585
180.03904
322.76737
360.91438
177.94114
92.17557
61.29681
53.39376
72.06522
56.86629
49.84354
45.52547
45.19955
60.14964
76.68916
60.3776
53.07198
57.40935
60.92518
65.64192
67.53143
76.7408
85.52368
80.35143
102.65703
119.56076
188.56102
225.88222
115.03957
89.34655
83.88253
70.307
67.73528
52.21937
44.73398
42.83981
42.56291
45.13682
44.53021
40.47362
34.05092
36.74649
38.84352
46.16082
51.06253
56.73312
62.69787
68.22248
66.55934
81.66625
95.69292
122.47995
90.72467
68.24041
64.88405
55.00993
52.80506
49.46812
45.14672
43.37318
42.80109
43.92493
43.90206
39.68117
31.77947
31.71856
35.64217
40.04492
43.64182
46.16623
49.92144
51.05078
59.99538
68.37358
77.49149
83.53685
80.40201
70.08869
61.54611
50.59392
54.846
48.95203
45.30245
44.11384
46.128
51.31339
70.75243
57.3456
42.36277
40.7165
46.50954
51.43911
48.94798
51.42343
60.54684
63.88338
68.4612
78.93501
109.91391
108.02094
90.22794
70.76505
67.46341
55.71962
45.03087
40.84098
37.87624
36.8395
38.47486
41.92754
55.32624
47.51292
37.4332
36.41753
39.68539
43.46895
49.60705
47.56943
47.52217
48.51039
54.73091
65.76221
106.45478
129.62229
90.50371
69.57777
56.55957
47.85648
44.63359
41.22313
39.07589
37.97512
40.15424
43.38345
49.64388
46.49695
36.61641
36.01047
38.04482
43.12835
40.8011
44.25926
48.87032
52.82536
57.5515
67.18218
74.90115
92.12713
84.95727
62.52095
54.84625
48.78695
40.56644
36.68342
36.36635
35.23026
36.62699
40.54448
42.55986
40.15536
31.8018
31.62832
32.9087
36.1051
40.33451
39.6184
46.1063
50.36021
53.7808
62.98785
70.11204
81.74571
69.55758
58.79905
50.61214
44.63728
40.26414
37.51004
36.04436
35.41909
36.11488
39.31915
42.16486
41.19938
33.19095
30.98182
33.41603
36.14008
39.97907
41.86577
45.42322
48.05779
57.79311
63.95924
79.04138
81.34673
65.52562
54.26643
47.21193
40.97884
45.96601
38.83791
36.41786
35.97325
35.92244
37.14166
37.69649
35.54268
26.86535
26.23006
29.92662
32.3019
38.02569
42.00154
44.87387
50.84992
53.1251
62.82373
69.81425
81.88589
63.84575
55.30326
46.56652
39.62027
42.13648
37.8946
36.38257
35.49642
34.57071
36.73207
35.70084
31.27881
23.982
24.81737
30.3801
33.4865
35.17487
39.61432
46.80297
54.56668
58.32631
64.33384
85.58753
99.83575
71.91805
60.11436
48.7892
42.16632
41.13451
38.52881
37.07605
36.74237
37.77977
41.80887
45.10086
42.49845
34.5373
33.04705
34.07087
34.54096
37.78717
41.13199
47.17147
56.77311
63.29594
67.56125
105.40778
95.55986
72.62325
58.68945
52.78317
44.48776
39.56236
37.85692
37.07188
36.83572
37.02281
40.52946
42.97251
41.97744
35.374
30.84614
32.01104
32.77877
35.59264
40.3783
43.64499
46.84841
50.895
57.1857
78.45952
71.49345
67.92759
57.41307
47.02129
43.02305
40.49828
38.21938
36.78228
35.2966
36.26271
39.45012
40.04016
39.43242
31.83154
30.48696
29.79953
30.56275
31.01586
34.94053
37.10348
36.49193
39.74293
47.74299
59.10657
76.31032
68.69945
52.29763
42.42108
37.90349
35.95976
35.45447
34.21858
31.36125
32.72064
36.95129
42.62576
36.98086
28.94908
27.50775
27.66823
27.80078
28.21497
31.30006
32.13156
33.8689
34.57683
39.82853
56.13829
72.80325
57.8422
49.06178
39.55554
33.29375
33.94139
31.31356
30.82382
31.25693
31.63273
33.56776
36.88956
35.02834
28.75146
27.10151
27.70424
28.30248
27.80618
30.27463
33.4989
33.54403
34.6856
39.54177
55.44868
59.95177
50.04329
42.16348
37.12673
33.76683
35.78123
33.38406
32.60938
31.44015
31.95379
34.34776
33.9216
31.2158
23.55917
23.77593
25.34544
28.61804
27.35084
30.81168
30.80137
32.91314
36.18141
39.48518
52.13323
66.79991
53.13567
45.88929
38.68472
33.24287
33.65343
31.92617
31.04517
29.74777
30.54837
32.32714
31.87762
29.47397
21.16656
18.6187
19.75688
21.6876
22.34845
27.06244
29.17327
29.44984
33.16398
36.70662
48.48019
63.51077
48.92143
39.29568
33.13046
31.11006
31.55379
29.73948
28.37729
27.34349
30.35449
35.43772
38.03688
36.73238
27.01307
26.23201
26.37931
26.50441
25.82145
29.56996
30.24857
32.34997
34.94751
38.98084
55.93038
62.79237
52.98004
43.2428
36.28798
31.47236
32.91876
30.64707
29.02183
28.40366
30.29609
34.08166
38.18166
38.07203
27.6242
26.35375
26.8955
26.46824
25.28847
28.39206
28.89391
31.73298
36.91987
39.88079
53.65833
61.50755
54.24449
44.27619
37.53494
34.79343
32.86871
31.02273
29.79586
28.03804
30.38
34.88262
37.22014
36.8882
24.62292
20.12953
17.70456
18.01833
16.28697
20.19979
24.84287
29.14815
32.69276
38.33614
48.45116
51.62935
53.62126
41.01265
36.97391
33.07356
32.82251
30.85565
29.78542
28.22259
30.00644
32.74631
38.7234
34.05471
24.8384
19.27756
17.56581
18.81885
20.24465
27.31154
28.52987
31.87153
31.04694
34.86651
48.62702
58.5387
50.18125
41.29141
33.22945
31.23542
29.99214
27.2951
26.3171
25.60336
28.21885
30.61351
34.9052
33.49841
25.24327
17.16657
16.75389
17.10351
20.64776
25.40374
29.73321
31.35668
32.34148
36.27446
51.17621
57.56938
47.24142
40.16312
34.17715
31.88421