37.05704
34.3686
34.01113
32.65498
33.04806
34.88756
42.75989
40.14091
38.00381
39.67344
46.29184
49.0005
54.73762
65.04639
91.04151
155.43343
258.48023
394.24469
765.49327
483.74456
190.77011
68.56317
54.85245
49.02107
38.94011
35.2638
34.73567
33.56792
32.89068
34.02092
35.74167
34.42284
31.02881
32.63838
36.57744
41.35145
47.17141
53.54174
60.42415
73.37499
90.17987
140.09689
270.15497
226.34937
105.86456
59.34308
51.66198
45.27651
43.6004
39.49661
37.1043
34.64438
34.39788
33.66901
34.18756
30.93745
29.61293
29.46646
34.7312
38.96646
46.22641
48.99729
53.86857
57.98396
65.08997
71.12319
112.84117
92.64108
65.65004
53.6081
48.17872
42.79628
39.36923
36.43425
35.8706
34.28909
34.01381
34.02118
36.29479
34.19044
30.2491
30.24356
32.67705
35.8872
40.04116
44.44034
48.3911
53.25336
55.99404
63.11327
86.29451
75.96085
61.84599
53.42417
46.47193
40.1315
34.40439
32.69679
30.94838
30.75818
30.88822
34.02584
42.05682
42.1973
35.42381
35.54496
36.90866
39.40947
45.90572
48.84057
51.46079
55.81696
60.6218
72.86042
102.51807
87.55532
61.36372
53.33893
42.95178
39.00376
31.70105
30.14324
29.08788
28.44309
29.03922
31.90453
38.44049
37.97088
33.15207
32.40297
34.3661
35.60396
37.23505
41.42429
43.65129
46.2795
51.23753
55.18611
70.81114
62.42338
53.26069
44.10253
38.7721
36.09114
33.58318
30.77442
28.58156
27.59635
29.34938
34.52458
40.16747
41.63354
33.69735
30.76522
32.06881
32.94437
33.98777
36.27163
38.24264
43.84689
46.00506
51.43945
65.03722
55.48802
51.32805
43.87514
39.27076
34.72246
31.54635
28.93067
27.62282
27.44717
28.25855
32.45054
38.53304
39.6281
30.98477
27.36485
28.56584
28.75499
31.01885
33.39332
34.0115
36.31074
43.28759
50.26625
60.48058
53.63166
50.31989
44.11129
37.00925
32.30921
31.01184
29.77482
29.78694
28.62495
30.22006
32.26856
31.25752
29.79307
24.63452
21.49139
22.05284
23.97306
26.44441
29.13128
31.65528
34.00352
36.78837
41.6338
52.45036
60.68869
46.37189
40.42643
35.49445
32.13609
32.10419
31.05885
29.08345
28.60504
28.58843
28.83717
28.73672
27.78841
22.3105
21.22546
22.203
25.01237
27.82355
31.65935
33.86431
39.53004
43.81897
53.59429
83.30047
75
52.16365
43.6568
37.21562
33.38556
30.9344
28.39889
27.7008
27.44137
27.79851
29.32156
35.19057
36.45726
31.70338
30.04616
31.27288
34.43433
37.0487
41.81326
46.43855
49.38207
52.25907
80.57
121
90.12
56.27519
46.24182
40.45775
35.57375
34.22224
31.50547
29.0107
28.05442
28.66138
32.47071
38.5533
37.95721
31.30624
28.77199
28.48969
29.7987
33.8763
37.34935
40.83584
45.54513
48.11061
57.14955
88.93457
67.77052
51.46614
45.82874
40.22201
34.88301
31.56468
28.58755
27.24831
26.61694
27.41162
31.27782
40.43644
40.92904
29.25442
26.38052
26.06489
26.1298
28.05388
32.16386
31.64431
35.60487
39.11365
51.13555
64.46205
62.5089
53.43648
41.17195
34.8917
32.29064
29.35592
27.49457
25.97094
25.58333
25.93444
30.58011
43.88566
42.28437
27.59248
23.97987
22.49735
22.04675
22.09567
23.68635
24.54317
26.06248
28.70361
35.37178
50.76662
58.18851
50.83377
36.03036
34.44495
31.46112
25.59862
25.19979
25.79279
24.72307
26.68845
29.78638
40.41834
37.3913
24.06962
19.18499
18.93599
19.38983
19.71145
21.15189
21.79779
23.60726
27.00474
34.30422
51.63388
55.17159
44.8238
35.28269
32.41554
30.27007
33.00931
28.62663
29.57043
29.19872
29.5095
32.50484
34.57728
31.07169
22.11445
18.24886
16.63643
18.92402
20.12918
23.34738
25.2282
27.71525
30.46084
39.85092
50.91766
60.90436
47.02683
36.27544
34.58109
30.07365
28.95225
27.41366
29.84736
28.8619
27.80174
28.79404
29.49121
25.98532
18.42544
14.61292
13.76115
15.63377
17.89399
18.7032
20.05173
25.57822
27.20803
36.17995
50.21983
55.05694
46.98833
35.7765
32.01106
29.94293
26.25403
25.76062
25.48083
25.36122
25.8218
28.98735
39.38567
37.03745
25.81302
22.08492
22.0618
23.41983
23.15258
24.66675
26.06238
25.96487
27.19379
36.52353
50
61.11832
49.64207
36.05049
33.08334
30.54922
26.62605
27.35481
26.29859
25.49261
26.48772
32.34459
43.92711
35.05434
25.16756
16.17734
14.52135
12.38221
12.86433
15.60056
17.4009
21.22752
23.74204
34.69024
48.6189
55.69069
49.16645
37.59976
34.34605
29.65683
27.03648
27.30645
26.26994
26.17124
25.47839
30.33872
39.93279
37.51661
25.6909
20.11506
13.19019
12.92559
11.84935
13.02844
15.56893
20.75221
24.75343
32.37933
45.39407
53.60354
46.05411
37.93181
34.04188
28.86456
27.90071
27.33333
26.47611
26.27923
27.3694
30.34632
42.96364
44.29907
29.39089
25.91969
20.8618
17.95778
16.53901
17.08018
18.22312
21.14801
24.93639
32.05843
43.97723
55.04334
48.85088
36.83935
31.61739
28.60615
27.77764
27.44305
26.82569
26.30934
27.53931
32.19346
42.00676
39.85039
29.32127
25.78503
21.58081
21.15038
20.31503
21.60826
22.89266
23.11581
25.77871
30.42633
40.75902
55.5302
45.40152
38.13311
33.91905
31.51636
28.59716
27.30987
29.34668
28.62772
28.96645
30.67262
29.57478
27.49233
22.40215
14.23865
6.47879
7.96006
9.91506
13.44214
15.46568
19.12825
23.69993
28.79954
41.73387
52.98214
45.30184
37.89753
34.49719
31.68126
28.377
27.59188
28.69055
28.8043
28.65221
31.33867
30.8492
27.58294
15.77396
-0.35962
-0.83242
-0.41989
0.54233
2.71817
11.08114
18.74953
25.21187
34.44274
46.7644
58.79725
46.25407
38.61562
34.50897
29.03443
28.24566
28.32423
27.49842
27.18075
27.60124
31.52224
35.96498
34.59945
26.86766
20.07321
19.94665
21.253
24.32816
26.2934
28.37964
30.30045
34.61551
41.22747
59.53726
66.81704
49.97239
38.92057
34.68225
30.55264
31.38
29.56471
28.15749
27.48742
27.58174
31.79333
37.83882
36.85932
26.85464
17.38238
13.29822
18.64099
21.08466
26.2492
28.10768
32.1672
34.59939
49.84236
71.10844
72.8317
51.07962
40.73093
35.15058
33.97924
30.68733
29.13388
28.24073
27.33374
27.95376
30.20063
36.49592
34.72774
27.02806
21.84878
18.42006
19.20397
20.55655
25.04638
28.19593
31.17104
37.64134
50.25166
67.60991
75.72924
48.16071
39.02115
34.87941
31.70253
29.17925
28.37522
27.89241
27.26059
27.42936
29.02291
34.71899
33.77067
22.21616
15.52673
14.19914
16.40951
17.04404
21.01365
24.18657
29.01156
36.9109
50.02627
69.04055
73.01774
51.36361
41.39775
34.43231
31.97776
28.4315
28.01955
27.35571
26.7907
27.41219
30.20202
38.0652
35.16683
25.83423
21.42724
18.67009
20.93282
23.38913
26.26108
27.8353
28.85367
29.00129
42.12974
56.68517
57.32342
43.51814
35.3357
32.04791
29.20273
30.13344
29.04877
28.02058
27.51241
27.27487
30.76605
30.79361
28.74116
19.60316
12.10547
11.97456
15.14814
17.02123
19.53048
23.13483
25.94591
27.7071
36.01147
49.08146
55.36277
43.28001
35.46266
31.42842
30.06179