30.7257
29.67512
28.84823
28.49276
28.78811
30.29576
26.16641
15.86679
10.58711
12.13141
14.54264
17.13921
19.48152
25.80193
28.50293
30.37599
31.87803
36.73575
43.86296
57.36754
50.30818
45.68667
34.23418
30.49802
28.81132
25.15439
27.34744
26.561
29.75471
33.87896
31.8033
27.31609
24.04696
23.227
23.20243
25.03911
27.1206
29.32456
30.61902
31.72689
31.84846
35.70051
46.15532
57.02998
50.99888
38.56052
33.0174
30.09304
30.20844
29.89497
27.84051
27.69186
28.11294
31.23437
29.12817
26.19556
21.97042
20.33881
21.17874
23.76006
24.23296
26.10289
26.80587
27.93294
30.40635
33.21822
38.48252
54.13754
46.45395
37.54874
33.78715
31.24324
30.47117
29.21822
28.9946
28.77716
29.16572
31.41767
28.25445
23.58486
17.72773
16.91824
17.62287
21.43212
22.58202
23.59407
27.00205
28.16115
29.64069
32.07026
40.21531
50.49759
47.12929
36.20787
31.93561
30.39825
30.28049
29.07817
28.42043
27.75815
29.3247
30.77106
33.66285
28.58796
27.10756
24.83752
26.26283
28.86373
31.77995
31.80801
35.59593
35.40647
38.11546
42.183
51.64238
69.59392
54.65633
43.88181
34.44136
31.11776
30.48823
29.34089
27.67792
28.40652
28.60382
30.35798
30.52865
28.56734
26.91144
27.89409
31.11533
36.8525
35.93797
32.97509
36.50009
36.45589
35.76642
43.30825
63.15021
58.21496
47.68181
38.18021
39.42466
35.88654
36.64698
33.9587
31.19499
29.93041
31.16155
30.0644
30.52296
27.54711
27.40541
28.28586
31.14434
30.2941
29.0435
31.04728
33.84761
35.43019
37.09538
40.02564
62.77495
65.86598
51.89939
45.22078
43.89031
35.23687
35.39411
32.97327
32.55839
31.53213
31.50134
31.62367
29.65177
26.53866
25.59561
28.25968
29.00339
28.16453
26.56054
28.18109
27.87064
31.8561
32.72109
37.38553
56.54546
60.27096
58.29439
53.18817
38.01086
33.52435
31.75018
31.23408
31.25805
30.41041
30.48792
33.04054
32.47645
32.03979
31.05568
29.38951
28.25099
33.59588
32.85617
31.96253
36.46611
39.61472
39.50094
49.32994
57.26166
72.14875
53.61416
53.45518
39.12662
36.78864
36.63125
31.70255
30.74337
30.45618
30.81861
35.98373
38.2752
38.0452
36.17719
36.25422
36.40603
36.82155
39.77647
40.84752
39.94545
43.26393
40.19709
52.85575
68.13941
82.86805
61.95974
55.53193
45.82776
40.31163
37.50104
33.54118
33.06043
31.84031
33.02407
35.76868
40.66154
38.22557
35.57873
33.73871
36.37904
35.83091
36.71922
40.18719
41.58365
49.11967
50.75617
62.24775
86.79382
106.35915
73.66826
53.32571
41.01454
36.94718
36.65818
33.8003
33.21453
32.09781
33.17909
36.04826
43.91134
39.44839
37.12042
37.36434
37.88776
40.68438
45.61306
48.0118
48.29185
55.55521
58.28771
64.19874
88.27277
101.78353
69.20702
56.60318
46.14669
39.38778
34.9656
32.83551
31.68507
30.71248
31.10949
35.04717
36.75689
33.89102
33.10198
34.56949
35.42367
38.05725
39.37756
43.96013
46.0938
51.17593
52.57856
60.81235
71.59864
81.61453
61.88018
52.93932
43.14703
38.3926
36.72494
34.93925
33.08831
31.9439
31.67151
32.92055
30.98714
27.87853
25.479
28.0681
31.44872
33.90019
35.17448
35.62332
35.6377
39.91175
41.4068
47.93268
52.27091
70.65063
56.2828
50.13475
42.47824
37.15127
37.13581
35.10455
33.12141
32.82652
32.90618
32.84175
31.42462
26.89829
23.67635
26.7639
29.9528
31.95289
35.85768
37.41137
39.66144
40.47985
50.12624
53.22318
61.06773
79.54309
62.61787
54.85374
43.24749
38.10824
30.95651
29.95994
28.76443
28.19342
28.90593
31.23799
32.29135
28.52943
27.63769
26.12235
28.15529
30.71736
31.96257
31.54266
34.56857
40.41379
45.34552
48.85008
55.62714
70.2964
57.72886
44.01347
42.30785
35.99369
29.88094
29.04688
27.44497
25.856
27.62404
29.42959
32.10089
29.97531
25.49056
24.59676
24.68574
26.05567
25.92635
29.50716
36.71031
36.97286
42.58908
45.66459
65.3175
70.79972
54.0317
41.6925
37.49179
32.62523
31.38068
31.2598
30.62248
30.32036
31.26273
32.08584
27.72154
26.66809
24.174
25.4421
27.00518
27.51877
28.58923
33.15945
36.18121
41.01912
49.57747
57.61985
60.69773
74.5285
47.09885
40.51342
37.11687
33.46966
30.2188
29.15446
28.91172
28.33722
28.05004
28.75689
28.14291
24.89271
23.45374
23.18762
24.6581
23.73274
23.25852
24.25537
27.19473
30.9279
31.62727
38.04901
44.92861
60.75246
41.65477
37.59601
32.74465
32.2123
28.31851
28.56994
28.74533
26.66793
28.31996
29.37722
27.44147
24.65381
23.33754
24.9461
23.30876
26.2367
23.97343
21.64033
21.51896
25.898
30.41197
29.48247
36.56826
49.65418
36.4623
33.17533
31.57948
28.88318
44.19289
40.40809
35.01864
33.6717
35.21122
36.47466
37.60181
31.22149
27.09033
26.64319
28.50309
29.11888
28.16463
31.79773
29.57916
31.95413
34.08279
35.52368
44.51509
62.44182
47.8001
45.673
38.6898
40.60436
36.28818
33.98394
33.65716
31.87616
31.85518
37.20761
35.15174
28.76708
25.29596
26.10134
27.57508
27.94679
28.13415
27.66368
25.01376
28.52757
35.79603
42.67395
49.94162
64.53592
52.61911
44.74873
38.72776
37.20402
41.41979
36.88229
31.67398
30.99122
31.28838
37.33245
49.55889
41.91651
35.83521
37.89737
42.31802
49.03652
42.8297
48.23944
65.89429
83.85214
206.31235
256.77988
324.10885
459.72881
242.95241
96.10462
66.99148
55.49413
49.47298
51.04359
42.54252
41.39968
39.43384
44.40853
58.9847
50.35161
45.47964
51.66412
46.08307
67.57675
42.70976
56.6997
100.01058
175.77558
412.75493
582.62319
886.25814
957.90236
609.4903
236.8383
83.57769
55.02698
62.55777
55.40954
47.7651
40.52021
40.90547
46.1593
60.94828
55.88001
42.29831
42.43189
45.41265
46.56179
49.05186
68.69781
130.83298
213.28184
318.17026
496.66256
737.20652
854.09576
448.90132
224.00236
107.02027
81.47111
58.92234
52.24143
47.73167
44.57488
46.00584
52.28733
59.77055
57.39477
45.49077
43.72284
48.40236
58.64157
61.44056
77.17494
112.51217
153.52521
190.23735
234.58772
325.99814
364.90676
252.2851
151.35369
83.1965
67.20001
53.92964
47.47084
42.23241
40.19808
40.81241
47.5494
53.7216
48.68186
40.80461
42.29871
50.42911
51.97505
59.2618
68.39781
87.18063
116.78431
143.19051
181.39866
220.70651
286.50395
156.50667
111.66931
83.68639
67.24113
55.35521
46.96197
40.264
40.04627
39.89777
43.06663
40.59121
36.24331
31.24194
33.09509
37.05188
40.00742
47.50981
48.25005
53.96709
59.78836
84.25221
94.37207
122.0578
150.45639
100.27411
76.11888
59.91634
48.53665
44.47594
40.38479
38.65607
36.07267
35.25408
36.56088
35.97893
31.55903
26.74468
27.27141
33.47747
39.15241
44.46893
43.96244
48.08641
48.0784
53.95768
63.63593
93.5217
120.60512
100.57295
75.01707
58.70897
50.58107
41.07529
36.73508
34.46858
33.8078
35.88982
37.97608
43.26237
43.22773
36.65205
34.09595
39.73423
40.72448
41.09024
45.14104
54.31003
62.52982
79.9062
97.30285
161.17764
175.54404
103.58601
64.05677
56.99319
51.14178
45.94628
39.63324
37.47331
36.46449
37.62342
42.94693
46.65964
47.08314
40.29499
42.21222
42.83595
42.75128
43.3319
45.88315
50.27486
54.48367
65.65528
82.93244
150.26871
155.7697
83.10413
60.20247
54.69506
45.942