33.00317
30.23641
28.75868
28.74418
30.06161
34.81673
45.98711
63.83931
46.07176
33.1347
29.01935
26.60993
25.24194
25.32936
26.50706
28.70198
32.62778
49.52496
75.94538
54.04139
49.93039
43.77524
37.4799
34.09016
30.80383
29.14766
27.85297
27.89251
28.9109
32.98389
44.00432
61.61533
43.59057
31.92436
28.89391
26.19568
24.24037
23.65239
24.85771
26.9286
32.06581
47.78828
72.88652
50.89145
47.58257
43.13737
37.44173
33.6117
34.0069
30.61025
28.68215
28.48133
29.31946
35.09198
47.38936
64.02622
44.60766
34.49053
33.347
32.40379
29.84913
28.43364
28.1221
30.1363
34.65029
48.33535
69.8271
52.16398
49.96946
45.00916
39.44369
34.32161
35.15247
34.98063
33.02879
32.91838
32.89774
34.1801
35.38927
38.42327
35.58902
29.56039
27.89056
24.14482
20.42056
19.79666
20.35306
23.7558
34.38515
41.04325
59.90094
51.06022
45.79591
38.83511
36.73932
34.29125
34.16577
32.65468
32.21898
30.89743
30.86493
30.72398
32.65887
33.12101
30.51999
26.75302
24.93712
21.48842
20.73189
17.11582
20.04348
22.44365
30.60492
40.33086
50.22667
59.39063
50.10028
45.34294
36.50072
39.18185
35.26043
34.7795
31.27027
30.28945
31.06856
34.21636
39.68191
52.63915
46.47013
37.57962
32.88402
30.57438
29.46344
27.8295
27.95338
30.15665
37.48033
51.81729
78.98439
78.24368
52.92534
49.1733
41.74116
41.07216
37.48428
44.85945
41.30091
38.4239
36.5664
38.58161
51.27395
65.20732
52.21734
39.97573
33.03049
31.9299
30.51112
28.86993
29.32883
30.78261
39.01194
59.37698
119.19667
127.69644
70.60542
68.26588
56.43689
45.6698
43.52406
42.92847
36.2611
34.9929
33.92778
36.23905
49.9719
66.35936
51.94965
40.10523
34.0094
34.2914
34.31655
34.36518
34.62473
36.478
48.72596
70.72136
152.35252
127.72314
67.16702
66.47091
55.78072
46.36449
43.105
30.40501
29.30294
29.10394
29.09484
31.08497
36.38352
46.22291
44.53868
32.04569
27.95299
26.77074
25.73647
26.05191
24.70054
27.4554
34.50607
50.81092
73.39249
71.13716
50.72737
49.31259
41.47672
39.48276
36.43195
31.45359
28.74847
28.39675
28.77574
29.71835
37.36397
54.16948
42.90132
34.41314
28.70311
27.41723
26.71943
26.1076
26.25218
25.96031
33.90962
49.99652
68.49874
62.63229
50.06052
43.63027
40.07878
39.12537
34.91844
38.64755
34.58074
32.0615
29.63292
37.41589
39.31823
40.50411
37.0789
34.13313
33.2024
29.84308
27.19101
26.9958
27.14268
28.8586
36.24146
56.09408
82.29961
62.3578
54.13439
51.46755
44.36126
42.64854
40.00908
39.02633
38.434
34.97791
33.97591
32.99066
36.5803
41.01493
32.79212
27.14303
25.62633
25.4082
25.66592
24.79386
25.25247
26.78994
33.89977
47.11575
70.25191
60.68402
53.32103
49.71405
40.74761
38.07254
34.66555
30.35924
29.59692
28.07876
29.29072
30.22286
37.93424
37.23422
34.95944
29.5285
26.97921
26.37436
26.47637
26.41494
27.33411
27.71552
34.48226
47.26278
78.94277
62.517
43.54415
40.90371
35.88117
37.1542
34.19419
31.85068
29.31588
29.50619
29.26533
29.89353
38.45602
49.66581
42.43786
32.32329
27.13395
26.15494
25.47127
24.32461
25.44271
26.22362
36.58532
51.3076
77.9368
63.68921
51.35346
47.39333
41.44572
38.06746
34.28775
29.95208
28.55485
28.4798
28.46018
29.08146
34.71167
49.24356
41.01182
31.85046
27.9218
26.93599
25.3868
25.62484
25.95731
26.304
35.18477
56.70428
74.77498
60.38294
49.78965
45.95751
39.16174
36.19148
33.44325
31.94378
30.99128
29.27694
29.77314
31.91581
36.18975
44.96726
39.851
34.45442
32.69387
31.02748
31.43111
31.63878
31.42528
33.85625
41.48925
56.20856
77.06165
56.48117
45.63955
42.40845
38.37757
36.55666
33.8965
31.68741
29.54234
29.06037
28.52388
29.73619
33.56961
38.74969
38.90994
34.01662
31.28307
27.66004
25.4454
23.24266
22.42136
24.39027
34.27516
44.37205
64.21726
48.74542
42.45336
42.55624
38.76772
37.91917
34.37224
37.61684
34.57789
33.00516
33.93743
33.84509
34.72899
34.53142
31.24578
25.45601
19.15628
17.84819
19.42013
18.6125
19.85916
20.57323
30.99405
42.58684
58.91462
46.98678
46.15132
44.29046
38.41228
38.53231
34.83751
32.80462
30.59012
30.54574
30.69273
30.47408
31.33835
33.46446
27.45279
23.3021
21.71171
21.28835
21.88058
22.48146
22.97974
25.52832
31.84233
41.18214
54.25817
48.50425
47.23268
44.77465
36.10618
33.89307
30.55049
30.73727
29.2202
29.28477
28.83698
30.02042
33.94122
42.76464
39.05972
33.65733
30.46508
28.26624
27.84051
28.8591
30.4962
31.08077
36.42228
44.5556
64.53767
50.40638
43.97084
40.84788
36.92589
37.07585
34.65193
30.6334
29.84963
29.63241
29.51383
30.61871
35.74542
42.80735
35.82717
32.6034
27.57685
27.39379
26.89205
28.16975
28.60682
30.71867
37.32846
48.68155
76.34938
48.94365
40.95675
40.77812
36.99542
37.48629
35.76371
30.42959
29.32901
28.67397
28.55274
29.02782
31.63141
39.49487
34.30325
30.33124
26.12003
25.50778
25.99757
27.73679
28.65867
29.34575
35.62638
47.7753
79.60215
46.00174
38.65033
37.57804
38.08768
33.96082
32.92656
31.17037
30.42333
29.74295
28.85561
28.4584
30.64493
35.88024
28.67933
24.31257
23.92363
23.86475
24.67022
23.62001
23.84668
24.61682
32.19695
41.12331
51.07717
40.22669
35.16467
36.99661
33.0225
32.47339
29.06402
27.89199
27.2463
26.61913
26.5479
26.61078
27.77465
28.9111
27.57063
23.14312
16.99514
18.84934
19.20873
17.77332
20.03969
21.3692
28.23844
43.87395
58.91825
44.08075
42.75806
39.18169
35.96312
34.31704
32.05279
29.92972
28.10977
28.38945
27.66195
27.7376
29.40933
28.9891
26.52298
20.29891
18.06228
19.55106
16.62107
16.75821
19.80216
22.44412
31.67473
48.86378
65.84373
43.99176
41.7576
42.15761
33.99087
33.08725
29.91947
28.79649
28.12438
27.07663
27.07963
27.03441
27.8203
28.41762
26.11766
17.17832
16.29941
15.52195
16.5199
17.06056
20.44093
25.12931
29.76763
40.30418
62.57674
43.81713
40.50065
36.41937
32.40102
31.89442
29.21587
25.7818
26.09872
24.3264
23.54357
24.4285
27.45353
35.22551
40.77395
30.77194
27.73783
26.47688
25.26301
20.86996
20.6361
22.97182
29.03554
44.46402
71.82918
52.06556
49.64446
45.35158
38.07285
35.59833
32.4198
32.15899
30.19367
29.03022
29.03319
30.52345
33.68572
52.41565
49.13499
36.31505
33.24985
27.94521
27.59268
26.89218
26.70703
28.93814
36.48098
50.52762
79.77608
56.62552
47.76978
43.4492
36.03747
36.00143
30.92482
28.79663
27.97772
27.58633
27.59501
28.15685
32.57772
48.5486
49.90102
36.5433
32.74563
28.65095
27.84768
25.92661
27.79912
27.27475
33.85216
51.85711
79.97592
54.89346
46.47636
44.65726
40.00489
35.77387
31.47475
30.44661
28.98859
28.45996
28.49197
29.77298
35.41967
50.43607
46.37443
36.00616
30.00553
27.12529
26.88607
26.39802
27.10848
27.48992
36.07393
49.12251
75.72153
59.49887
47.80862
45.86001
41.2264
37.49776
33.13506