30.37086
28.68927
28.26081
28.23445
30.51734
36.94325
49.97796
38.32175
33.6301
29.85408
27.30179
25.76587
19.52974
18.18619
19.70327
24.20199
31.89397
51.16037
66.50636
61.22969
50.77034
40.48839
34.26047
30.42838
31.4636
30.57965
29.5287
29.99166
32.16464
39.16607
51.49708
39.83086
31.59788
23.77244
21.07574
19.36
27.11366
25.90575
23.3301
27.10925
31.97968
47.64174
74.18602
58.4722
50.87788
42.61856
38.42818
33.11464
35.95282
35.23921
33.03668
32.89778
35.98782
38.14516
40.85811
38.86994
35.05032
30.64467
30.14997
25.86556
24.51391
22.56298
22.10744
27.6563
34.08752
48.27047
81.76761
61.23835
52.27083
47.49167
42.20758
37.3686
35.04033
33.73992
31.97208
32.95725
33.49112
35.54713
36.64839
30.72408
24.89919
10.22248
1.54245
-1.35988
-9.6702
1.52536
1.79793
19.33043
30.54934
48.96086
65.72087
58.12732
55.37374
49.96862
45.2121
38.63671
32.62161
31.67642
31.44538
31.41681
33.14508
42.77554
59.68688
37.01112
29.31237
23.45638
22.13234
19.38431
17.3924
17.18492
20.14118
24.60977
32.04289
51.66906
83.58046
68.71729
59.93129
46.60149
41.78452
36.47476
34.36016
32.4546
31.12925
31.56023
33.78826
45.06586
56.81801
39.1192
30.68198
26.44074
23.54633
18.49797
18.75091
18.7689
21.02599
26.79706
32.06478
50.24512
82.46635
63.9821
51.32856
44.43748
38.28312
35.719
32.83365
30.24392
29.14241
29.19068
32.611
39.94413
46.98066
38.95903
32.88502
29.02871
27.05836
24.8132
24.69468
24.35478
26.26827
29.46229
34.91545
51.43181
68.20793
54.95259
46.62242
38.34339
34.66374
32.66632
28.24427
27.09697
26.80494
26.85236
27.17186
33.72454
40.16116
33.4631
28.0703
25.23605
21.60758
16.61018
16.48961
16.78982
18.84766
23.90522
29.92649
42.87588
50.9851
46.08145
46.80541
36.53435
32.60033
29.92264
26.98492
25.95365
24.65047
24.75791
26.51581
33.44044
36.72551
31.96476
28.37569
22.74133
19.9214
18.23841
17.84046
18.38142
22.34149
25.40197
30.07337
39.10018
51.53528
40.79451
42.14546
36.5245
33.89407
31.19841
29.31507
28.97703
27.33086
27.31633
28.33319
31.46143
31.72648
31.42688
28.95357
30.25047
29.91447
30.09627
30.08935
29.8283
31.20836
31.55656
37.05846
43.22849
50.0329
45.34834
43.00125
38.91545
35.4518
32.62067
29.13688
27.74715
28.69001
29.07447
30.38063
32.41968
32.9182
30.13059
24.71279
19.64056
17.96648
15.75327
15.32807
14.34614
17.17955
15.60552
29.62507
45.09977
61.02392
49.57831
41.18702
35.94268
32.12752
29.80492
29.12736
28.46298
28.91663
30.31633
33.25561
43.03799
51.34965
35.02511
29.12109
27.87278
24.53103
23.57506
24.2706
25.52886
26.19268
26.53615
33.35134
43.61985
71.35799
54.05119
43.92555
36.29898
32.76192
28.75088
28.47944
27.83606
27.81378
27.97551
33.99464
44.10655
59.42281
39.39601
33.22939
32.5286
29.11733
28.06882
27.71377
28.54049
28.67147
29.28733
34.4985
42.52417
63.16574
50.66377
42.59398
39.4347
32.78988
28.35163
27.37121
26.57842
26.22593
27.17146
33.71532
40.66483
47.15077
35.0287
27.86113
29.83794
29.94325
29.05124
26.36541
28.25819
26.74987
29.21564
31.26313
39.00126
51.03745
46.83799
39.76305
35.73226
33.39443
30.33706
27.10153
25.32375
24.84521
25.34306
32.40093
39.87238
45.64298
33.51102
30.15515
33.34049
32.61342
29.47227
28.9135
27.81119
24.87574
24.57664
28.53865
38.80984
46.83033
46.76003
40.13989
36.00177
30.83556
30.42174
28.74859
27.70158
27.54058
30.3928
33.3976
42.2356
51.14614
36.83847
31.17646
30.43165
27.74623
24.93775
23.37804
23.37266
22.95156
26.85851
29.18568
39.82807
47.15405
45.04948
40.4234
33.83148
30.69795
29.67545
28.57006
27.58943
26.95284
27.85229
30.69447
35.39349
35.31757
30.51746
25.984
24.24296
18.22947
14.0463
8.44893
7.58948
10.14419
18.61598
26.05025
36.13131
49.61247
43.9569
38.39165
33.6415
30.41405
30.30242
29.29133
27.67066
27.28757
28.23754
30.81912
36.13588
35.1836
25.57936
21.15368
13.1364
10.34154
6.09756
4.81506
9.03197
14.2243
18.16376
26.98491
39.09228
49.90632
51.00599
41.78374
40.00405
32.66401
32.26326
29.45628
28.39816
28.1912
29.9397
35.84102
50.86807
48.98186
32.63741
24.62101
21.68896
15.87423
14.33088
13.79121
18.1121
21.54377
23.69366
32.81256
47.04964
62.29453
54.66075
44.11703
37.30613
34.66184
30.43946
28.73088
27.34236
27.30746
28.65151
34.20397
44.23485
50.67434
37.777
35.74361
32.86153
28.84712
29.95032
32.02869
32.43153
34.81136
37.52331
44.70838
50.09055
67.80312
54.92839
45.50036
37.16516
32.9344
28.2654
27.26638
26.22663
25.93037
26.93365
34.11701
42.07767
50.57607
43.84545
37.90255
36.96979
33.60466
31.87946
31.66321
35.69103
36.20929
37.00212
35.88705
44.05662
54.00608
50.11465
42.98743
36.36591
31.56277
25.67691
24.4703
23.90359
23.90831
25.42422
30.95433
41.15593
46.50773
40.16529
36.22933
34.7357
32.95711
28.06368
27.1849
27.23384
23.63626
30.7573
31.78383
39.50655
47.89751
41.96894
37.1156
31.85791
29.61336
25.50369
25.39028
24.23083
24.28562
26.62559
31.00463
38.45031
39.31576
30.59169
25.03963
21.81347
18.32714
15.62138
13.73923
14.8974
13.22538
15.67357
23.46694
36.49812
48.92253
43.31459
36.42346
32.65617
28.24246
23.99131
23.83375
23.80454
23.67633
23.99952
25.44826
27.6907
27.18331
22.18107
13.1381
6.11709
0.93618
0.00057
-0.65125
-1.65074
-0.823
0.00996
14.76798
30.13897
42.53541
40.22281
33.20544
30.12901
25.1751
25.16631
24.18301
23.75499
23.66917
23.7354
23.83697
25.87852
23.96493
15.99365
0.33494
-0.00007
-4.96742
-6.02054
-9.96225
-13.47215
-9.68635
-3.65573
6.07131
29.59957
41.85525
42.3896
37.70266
29.18399
25.14852
21.89098
20.32885
20.33937
20.38115
22.21153
31.3127
43.16232
42.86774
23.9725
20.02683
11.00348
5.0559
3.27278
0.0573
0.19969
1.02642
0.21493
17.14148
32.57662
46.48238
46.15267
37.02848
31.06982
25.66001
18.44216
18.84667
19.16417
18.95599
20.89928
30.72374
45.32214
42.53833
20.47957
10.11751
2.67529
-0.40989
-1.03346
-0.28929
-0.15443
0.02101
1.9835
16.83416
32.92647
51.48527
50.71916
38.46209
30.17934
25.26803
25.36898
24.32785
24.22937
21.11695
24.28545
30.4038
41.67022
38.27454
23.00121
11.0202
8.36597
6.01954
3.54212
4.40555
4.65812
7.09939
9.30123
22.09918
35.31924
50.72553
48.795
37.31298
29.19289
25.64727
27.4646
27.22521
26.18056
24.60116
27.45341
29.78893
40.6234
36.08112
22.57167
7.97232
3.83474
1.79557
0.07341
1.80496
4.04894
6.60001
8.64086
23.60983
38.22033
56.84166
47.77018
39.5496
32.44736
27.68013
23.99318
24.09979
22.82114
21.81816
23.88882
27.22726
37.35421
30.3593
20.26282
8.67406
5.33893
3.78191
4.26924
4.87674
5.34055
8.68364
12.02957
23.4531
36.24825
51.12838
42.60218
34.34337
30.29068
26.33901
26.34562
25.27393
24.14906
23.53
23.97702
24.24358
26.80623
24.1666
17.75248
11.15804
5.02894
2.3149
0.00963
0.58317
1.52338
4.8547
12.14197
21.2183
30.35137
39.76511
36.59455
31.84782
26.9474
24.53451
2.3149