27.29204
27.06621
27.58729
26.84171
27.58622
30.43123
29.60928
27.29008
20.16377
6.29212
4.87565
6.07379
11.77864
17.75725
21.5738
23.8362
25.54221
34.35175
48.73498
57.38869
43.17745
35.33433
31.38614
27.4907
26.40606
26.4111
25.97115
25.92307
26.71637
29.8903
38.31735
39.94368
27.80338
22.69246
20.15731
22.57537
23.54971
25.47428
25.45919
25.911
27.41662
36.91354
51.0704
60.02347
43.94483
37.53899
32.91816
29.47685
28.23438
27.67732
27.76276
27.3601
27.85495
32.29505
41.27955
43.8308
28.92184
21.40393
17.82656
17.33332
20.68903
21.43718
21.88757
25.44232
26.78827
37.13848
50.69202
62.70442
45.97356
37.49286
33.97948
30.0434
27.87027
27.42112
26.83053
26.76167
27.42429
30.98974
41.44029
45.78201
28.72897
25.71094
19.8853
21.35612
23.61145
25.72624
26.06311
26.79029
29.18725
41.41161
56.26427
65.94628
47.70812
40.09716
34.60687
30.46291
29.20551
27.76153
27.37329
27.36757
27.7408
31.00807
40.33277
39.90304
27.32082
21.77001
17.74399
21.38761
25.14597
25.80517
27.17473
28.79953
31.42442
43.94091
59.71073
64.50167
48.91574
41.0666
35.00673
31.1281
29.2307
27.96648
27.96639
27.66285
28.26415
31.70468
40.6397
39.3093
27.86465
25.06386
22.43584
25.46025
26.08067
28.16231
30.90126
34.24458
37.75106
52.68684
76.47203
69.44228
50.51763
43.32217
36.08916
33.11954
35.0865
31.89745
30.87046
29.25332
30.15612
31.72746
38.74332
32.01333
26.81312
20.61195
20.47862
23.70479
26.11361
26.76304
29.35119
30.84299
34.81396
49.92203
63.28707
57.79509
43.92359
36.1011
32.76301
29.41445
30.4539
30.47508
29.37709
28.0567
27.92684
28.73527
31.3469
29.97303
23.53854
6.08708
6.4798
6.93763
9.21367
14.66834
22.18145
22.99742
26.12741
35.53697
52.09637
55.23177
44.24424
38.11924
32.5835
29.66533
28.93774
27.88538
27.86025
27.71896
28.19854
32.0368
43.01704
47.03395
29.23199
24.20614
20.41613
18.64507
21.55735
23.23214
28.89513
30.96406
33.80757
50.46482
72.63459
75.21441
56.48041
47.47172
38.3227
34.86772
34.95299
30.68905
29.3063
29.11312
30.03657
35.18918
44.28574
46.49418
30.69839
23.83145
20.76442
21.7982
22.87167
28.28734
30.59488
34.8573
36.55177
54.7687
81.74617
81.22113
59.12027
48.90129
39.71654
34.89398
30.88043
29.17633
28.20109
28.19845
28.15223
31.85904
43.91555
47.1109
31.19133
20.7161
14.97933
16.30088
18.38408
19.57029
22.25646
26.20056
29.48517
44.18612
63.28326
65.63757
51.29145
43.86544
34.36885
30.46843
29.08752
28.21732
27.59313
27.63036
28.13542
32.8785
43.00425
50.4398
29.90711
23.72435
18.65901
19.1588
20.84856
20.65861
18.75558
23.09313
27.82107
40.73575
55.36719
57.63668
49.60675
41.80429
35.28958
32.40516
30.0348
28.64989
28.7055
28.22154
29.06257
33.18298
45.19256
45.8825
30.52482
23.54905
17.77512
19.14024
20.88196
23.3553
24.1334
25.8747
30.0636
40.80702
60.91051
56.68146
43.95054
37.4201
33.9197
32.018
32.12192
29.00201
27.76307
32.43173
32.43526
35.29845
36.93076
37.05628
29.14369
22.12485
17.12207
19.17478
22.81954
24.12363
27.2412
30.95602
34.14264
49.89353
69.40362
71.49778
54.54033
48.54971
41.09043
35.85561
36.60625
34.72253
33.76833
30.98624
30.73553
32.77859
35.41342
36.16322
26.88582
21.80696
18.15923
19.37359
24.98011
26.22795
30.43574
35.34461
38.21201
56.9512
93.27038
97.59213
59.64
51.71062
43.52682
40.04913
33.7495
34.62005
31.26059
30.03954
32.89545
36.86886
41.31198
44.30606
34.19638
28.87672
28.77825
32.56183
31.99605
34.9243
38.15728
44.39508
50.08506
79.65253
133.22039
118.46065
64.89686
49.90712
43.97702
38.34498
36.33346
36.2509
31.93711
31.47372
34.04507
37.05132
49.4884
50.13651
35.74994
32.059
30.95785
32.88667
35.11782
39.81475
42.33782
44.71318
52.89429
96.15088
149.45965
111.64614
69.36962
56.0082
45.22355
38.48308
35.07168
33.1322
30.77648
30.03925
31.70403
36.14002
50.03884
54.90468
37.46415
32.11314
31.58593
31.66686
32.69497
35.35738
36.12162
37.63995
43.78406
67.51403
104.83124
75.14338
62.138
51.01113
42.11151
36.51192
31.10303
28.09671
27.31994
26.82521
27.80918
31.08805
46.2207
48.75632
32.98793
27.30857
21.59674
20.41063
22.34062
23.3928
25.70431
29.21598
31.95226
46.88992
64.45861
58.04975
51.85054
46.86201
36.94717
35.0887
29.39428
27.44133
26.50412
26.06438
27.59742
29.96351
38.98933
45.1139
36.37371
29.64843
25.40633
23.66513
22.0767
21.28684
22.08597
23.6613
29.21363
39.68026
58.94145
54.69665
43.76973
38.23149
35.43333
32.3334
30.92242
28.34624
27.52575
27.25776
28.24716
32.7439
40.16028
39.7666
31.58541
25.46062
20.4011
17.93285
19.12681
20.07858
23.4784
28.74178
30.59233
47.00333
63.95013
58.54155
52.16577
46.35909
41.55089
35.05411
32.05529
29.64504
29.82293
29.69053
29.99617
32.75153
34.3627
33.86001
28.36872
17.99447
14.55348
15.84054
18.05614
21.70694
26.00308
30.82517
35.01446
53.79505
84.03232
74.1514
53.81506
47.82088
41.73839
37.12092
33.31179
30.61811
29.07072
28.50519
29.85043
35.58289
50.16227
53.51576
36.66216
30.81669
28.54614
30.26308
33.58554
35.51079
41.44153
46.7256
64.62312
175.33065
302.39752
216.55187
86.39398
58.86786
49.44438
43.20427
37.76196
34.67782
31.83543
30.99856
32.27407
39.06558
63.6356
69.87893
45.33767
36.15737
35.80054
37.99827
45.34432
49.6843
60.11794
77.53729
140.51995
339.52297
527.48434
353.46487
146.89956
118.48905
73.03632
54.80853
44.26638
36.50604
34.55096
33.0962
34.68413
42.2949
59.9498
72.07941
41.24848
29.7914
30.13812
34.69998
42.86316
51.4876
59.89612
80.33468
120.03496
293.7529
460.2061
200.239
97.02858
81.10979
69.69085
49.8529
41.42035
36.16896
34.38041
33.5611
34.27302
37.34225
44.92349
50.71631
35.44828
29.69448
29.79357
31.19274
34.20765
36.90111
41.69973
46.5967
57.21362
102.44761
157.28038
84.54514
63.31766
53.52412
48.46346
43.12898
37.72995
35.53086
33.92469
33.50861
34.53242
36.01786
49.11275
53.00849
37.17897
29.12416
28.28537
29.266
31.38698
33.84356
35.99301
39.06711
46.80202
78.36192
126.89229
65.9423
51.55739
50.19596
47.33766
41.28533
35.65378
34.20438
33.484
31.63213
32.70548
34.98099
35.1561
35.03782
29.92905
23.19083
20.73476
23.36644
25.44856
28.42655
30.96739
33.18813
35.20995
54.63208
82.54438
53.31783
49.02502
41.57964
37.78785
35.18128
34.09415
32.20291
30.62192
30.26955
30.82596
32.54047
33.30632
33.11772
27.72206
19.50292
13.58125
16.92699
20.41831
23.25121
26.99831
29.6781
35.23731
49.1369
67.49615
50.64459
45.42685
38.13005
34.84419
32.06992
27.99988
27.76459
27.04885
27.07826
27.62793
33
41.73382
49.08027
34.40545
27.91466
27.89189
25.97249
24.10224
24.71047
25.44318
26.15388
28.99307
43.73223
60.82015
52.76276
49.04998
39.69055
36.76637
34.35612
30.7127
28.61615
27.64858
27.66286
28.95058
34.27434
44.00332
58.63758
45.2292
35.13363
31.04868
28.31445
27.61948
27.5542
28.71894
31.42254
35.86792
53.1198
79.84096
61.24787
52.64985
48.32309
40.93427
34.90936