26.9
25.3
24.74
24.85
24.61
25.05
28.24
30.99
27.25
25.99
26.04
24.96
24.09
24.33
24.33
24.35
24.67
24.65
26.15
24.62
24.53
24.04
23.01
21.22
20.96
23.2
22.96
23.08
23.24
23.89
29.63
34.04
30.3
26.41
62.7
50.3
45.16
47.69
63.76
113.21
98.98
95.86
91.47
55.96
53.19
68.16
50.71
38.18
38.68
47.39
39.74
40.23
32.14
37.77
46.19
43.83
40.48
39.37
28.93
28.9
28.21
32.89
29.02
25.65
27.43
31.59
32.77
32.64
29.65
26.63
24.73
23.88
27.11
23.6
22.95
23.09
23.57
23.28
24.33
19.8
15.48
19.15
24.35
26.43
27.6
29.3
29.67
31.61
30.09
33.06
27.41
25.41
25.85
24.65
24.21
23.92
23.52
21.91
21.95
22.01
22.77
24.75
24.84
25.79
25.83
24.93
26.7
26.88
26.41
25.14
25.36
26.01
28.61
30.21
36.34
31.83
30.37
30.19
27.08
27.39
33.95
34.23
31.3
31.93
31.7
33.25
29.28
31.19
32.35
43.32
30.48
31.33
25.52
27.25
27.27
29.93
32.46
37.59
47.99
55.02
54.86
29.44
28.02
25.28
27.12
27.59
27.45
28.42
27.85
25.14
24.88
27.2
28.22
33.48
47.06
30.17
29.66
31.37
29.38
26.65
29.46
27.28
26.69
29.8
27.81
26.78
23.67
22.66
24.9
25.03
24.5
26.02
27.37
27.21
35.5
35.34
33.87
24.5
29.38
26.97
26.81
27.04
25.52
26.43
27.04
30.64
31.98
30.95
29.41
28.86
28.29
26.44
27.48
27.33
27.56
28.11
31.42
32.49
45.89
58.86
21.4
28.48
21.52
26.2
26
25.33
24.51
23.41
21.79
28.8
33.73
25.51
24.87
23.96
23.38
21.7
21.52
20.74
20.71
20.53
20.69
21.61
26.28
24.04
27.94
25.56
25.83
27.48
25.19
24.68
23.72
23.62
24.05
31.25
26.82
23.55
22.3
21.26
20.74
20.02
20.09
19.13
19.22
18.58
18.66
18.2
18.53
18.88
20.19
23.01
22.28
23.3
23.01
21.76
22.1
21.68
22.3
45.98
38.57
24.64
20.66
19.51
18.95
17.93
16.96
17.02
16.63
16.59
17.12
18.98
25.26
25.39
23.31
24.5
24.61
25.08
32.05
22.74
21.61
26.9
25.3
24.74
24.85
24.61
25.05
28.24
30.99
27.25
25.99
26.04
24.96
24.09
24.33
24.33
24.35
24.67
24.65
26.15
24.62
24.53
24.04
23.01
21.22
20.96
23.2
22.96
23.08
23.24
23.89
29.63
34.04
30.3
26.41
62.7
50.3
45.16
47.69
63.76
113.21
98.98
95.86
91.47
55.96
53.19
68.16
50.71
38.18
38.68
47.39
39.74
40.23
32.14
37.77
46.19
43.83
40.48
39.37
28.93
28.9
28.21
32.89
29.02
25.65
27.43
31.59
32.77
32.64
29.65
26.63
24.73
23.88
27.11
23.6
22.95
23.09
23.57
23.28
24.33
19.8
15.48
19.15
24.35
26.43
27.6
29.3
29.67
31.61
30.09
33.06
27.41
25.41
25.85
24.65
24.21
23.92
23.52
21.91
21.95
22.01
22.77
24.75
24.84
25.79
25.83
24.93
26.7
26.88
26.41
25.14
25.36
26.01
28.61
30.21
36.34
31.83
30.37
30.19
27.08
27.39
33.95
34.23
31.3
31.93
31.7
33.25
29.28
31.19
32.35
43.32
30.48
31.33
25.52
27.25
27.27
29.93
32.46
37.59
47.99
55.02
54.86
29.44
28.02
25.28
27.12
27.59
27.45
28.42
27.85
25.14
24.88
27.2
28.22
33.48
47.06
30.17
29.66
31.37
29.38
26.65
29.46
27.28
26.69
29.8
27.81
26.78
23.67
22.66
24.9
25.03
24.5
26.02
27.37
27.21
35.5
35.34
33.87
24.5
29.38
26.97
26.81
27.04
25.52
26.43
27.04
30.64
31.98
30.95
29.41
28.86
28.29
26.44
27.48
27.33
27.56
28.11
31.42
32.49
45.89
58.86
21.4
28.48
21.52
26.2
26
25.33
24.51
23.41
21.79
28.8
33.73
25.51
24.87
23.96
23.38
21.7
21.52
20.74
20.71
20.53
20.69
21.61
26.28
24.04
27.94
25.56
25.83
27.48
25.19
24.68
23.72
23.62
24.05
31.25
26.82
23.55
22.3
21.26
20.74
20.02
20.09
19.13
19.22
18.58
18.66
18.2
18.53
18.88
20.19
23.01
22.28
23.3
23.01
21.76
22.1
21.68
22.3
45.98
38.57
24.64
20.66
19.51
18.95
17.93
16.96
17.02
16.63
16.59
17.12
18.98
25.26
25.39
23.31
24.5
24.61
25.08
32.05
22.74
21.61
27.02
25.4
24.83
24.94
24.7
25.17
28.39
31.15
27.34
26.08
26.13
25.03
24.16
24.42
24.42
24.46
24.78
24.81
26.22
24.64
24.54
24.06
23.03
21.23
20.98
23.21
22.97
23.1
23.28
23.91
29.78
34.14
30.39
26.43
62.79
50.33
45.17
47.65
63.75
113.32
98.94
95.77
91.09
55.73
52.99
67.97
50.49
38.06
38.57
47.32
39.7
40.21
32.14
37.78
46.23
43.9
40.43
39.31
28.83
28.83
28.21
32.96
29.08
25.67
27.45
31.74
33.1
32.67
29.69
26.67
24.76
23.92
27.16
23.63
22.99
23.12
23.6
23.31
24.38
19.84
15.53
19.19
24.42
26.49
27.66
29.37
29.72
31.66
30.11
33.05
27.4