24.16
23.02
20.94
19.95
19.35
18.87
17.79
19.82
23.92
39.78
41.86
46.08
36.52
49.38
52.34
47.57
60.96
58.15
55.65
49.94
37.18
36.02
28.64
28.19
32.21
22.29
21.45
20.62
20.46
20.99
23.54
26.24
34.69
79.15
42.29
96.8
87.98
58.27
59.43
49.89
55.47
49.4
92.78
62.22
45.19
32.64
31.53
34.95
37.13
26.25
22.98
22.33
22.81
24.57
27.36
30.75
31.79
45.53
54.78
61.95
109.67
76.65
70.78
47.59
59.7
53.04
37.84
43.22
29.78
39.38
23.73
25.23
26.46
26.66
23.8
21.61
21.07
20.69
20.23
22.17
25.15
35.5
34.12
59.79
55.6
41.66
38.38
38.95
41.13
46.96
30.95
44.52
36.72
31.3
28.28
28.13
22.49
22.46
20.44
19.96
20.06
22.05
25.1
27.69
39.94
99.29
34.22
46.89
75.22
70.4
47.38
63.98
78.37
62.92
38.34
35.69
56.62
67.18
29.89
28.13
33.72
28.35
24.57
24.62
23.89
26.38
25.42
25.88
27.32
33.29
27.91
28.82
32.65
31.29
36.47
42.94
38.49
35.8
28.09
20.83
20.2
21.08
21.44
18.83
18.58
18.28
17.3
16.52
14.6
6.81
7.33
11
18.6
18.6
19.25
20.01
16.86
15.2
16.4
20.35
43.07
34.24
33.21
23.34
17.34
21.33
19.07
18.27
16.28
15.68
15.15
8.46
10.77
9.54
-10.73
14.05
15.91
16.46
16.62
17.17
17.88
17.02
18.09
26.75
37.19
54.7
60.85
46.15
28.14
27.25
23.55
20.91
18.41
17.46
16.68
15.59
16.12
17.03
17.45
18.49
17.87
19.27
22.38
22.45
28.44
31.58
39.56
62.86
74.68
86.45
62.45
36.62
28.36
27.21
20.68
24.14
19.21
18.63
17.8
16.65
16.94
18.17
18.87
20.34
27.31
33.62
28.94
31.6
27.72
40.75
51.77
110.58
43.53
69.72
55.29
41.65
40.22
37.51
30.03
26.58
23.98
23.02
20.7
19.93
19.96
21.21
24.81
69.16
27.2
27.25
31.32
30.96
34.61
32.72
102.99
55.62
44.45
46.55
52.84
30.32
29.17
29.68
25.89
24.76
23.28
21.12
19.59
18.86
18.72
19.53
20.82
24.06
25.6
28.73
32.91
26.86
34.9
37.38
41.33
40.04
38.72
24.16
23.02
20.94
19.95
19.35
18.87
17.79
19.82
23.92
39.78
41.86
46.08
36.52
49.38
52.34
47.57
60.96
58.15
55.65
49.94
37.18
36.02
28.64
28.19
32.21
22.29
21.45
20.62
20.46
20.99
23.54
26.24
34.69
79.15
42.29
96.8
87.98
58.27
59.43
49.89
55.47
49.4
92.78
62.22
45.19
32.64
31.53
34.95
37.13
26.25
22.98
22.33
22.81
24.57
27.36
30.75
31.79
45.53
54.78
61.95
109.67
76.65
70.78
47.59
59.7
53.04
37.84
43.22
29.78
39.38
23.73
25.23
26.46
26.66
23.8
21.61
21.07
20.69
20.23
22.17
25.15
35.5
34.12
59.79
55.6
41.66
38.38
38.95
41.13
46.96
30.95
44.52
36.72
31.3
28.28
28.13
22.49
22.46
20.44
19.96
20.06
22.05
25.1
27.69
39.94
99.29
34.22
46.89
75.22
70.4
47.38
63.98
78.37
62.92
38.34
35.69
56.62
67.18
29.89
28.13
33.72
28.35
24.57
24.62
23.89
26.38
25.42
25.88
27.32
33.29
27.91
28.82
32.65
31.29
36.47
42.94
38.49
35.8
28.09
20.83
20.2
21.08
21.44
18.83
18.58
18.28
17.3
16.52
14.6
6.81
7.33
11
18.6
18.6
19.25
20.01
16.86
15.2
16.4
20.35
43.07
34.24
33.21
23.34
17.34
21.33
19.07
18.27
16.28
15.68
15.15
8.46
10.77
9.54
-10.73
14.05
15.91
16.46
16.62
17.17
17.88
17.02
18.09
26.75
37.19
54.7
60.85
46.15
28.14
27.25
23.55
20.91
18.41
17.46
16.68
15.59
16.12
17.03
17.45
18.49
17.87
19.27
22.38
22.45
28.44
31.58
39.56
62.86
74.68
86.45
62.45
36.62
28.36
27.21
20.68
24.14
19.21
18.63
17.8
16.65
16.94
18.17
18.87
20.34
27.31
33.62
28.94
31.6
27.72
40.75
51.77
110.58
43.53
69.72
55.29
41.65
40.22
37.51
30.03
26.58
23.98
23.02
20.7
19.93
19.96
21.21
24.81
69.16
27.2
27.25
31.32
30.96
34.61
32.72
102.99
55.62
44.45
46.55
52.84
30.32
29.17
29.68
25.89
24.76
23.28
21.12
19.59
18.86
18.72
19.53
20.82
24.06
25.6
28.73
32.91
26.86
34.9
37.38
41.33
40.04
38.72
24.21
23.08
20.98
19.99
19.4
18.93
17.85
19.88
23.97
39.77
41.75
45.86
36.23
48.99
51.88
47.17
60.43
57.58
55.12
49.5
36.85
35.76
28.52
28.15
31.6
22.36
21.51
20.69
20.54
21.08
23.63
26.35
34.86
79.32
42.22
96.45
87.33
57.73
58.46
47.87
54.9
49.01
91.88
61.67
44.85
32.38
31.42
34.93
36.64
26.26
23.04
22.4
22.88
24.63
27.45
30.86
31.91
45.64
54.75
61.63
108.53
75.92
70.11
47.13
59.13
52.68
37.57
44.36
30.82
41.05
24.73
25.3
26.55
26.74
23.88
21.67
21.12
20.73
20.27
22.21
25.21
35.57
34.09
59.85
55.91
41.56
38.23
38.8
40.98
46.75
30.73
44.28
41.51
31.72
28.74
28.04
22.54
22.52
20.51
20.04
20.14
22.11
25.18
27.82
40.05
99.23
34.25
46.67
74.73
69.7
46.9
63.19
77.33
62.09
37.97
35.38
56.36
67.01
29.86
28.17
33.17
28.16
24.62
24.68
23.95
26.48
25.49
25.98
27.43
33.42
28.02
28.91
33.92
33.82
36.54
43.02
38.55
35.88
28.15
20.89
20.28
21.18
21.5
18.92
18.69
18.37
17.37
16.58
14.66
6.84
7.36
11.03
18.67
18.68
19.27
20
16.86
15.22
16.41
20.32
43
34.2
33.17
23.33
28.13
22.49
22.46
20.44
19.96
20.06
22.05
25.1
27.69
39.94
99.29
34.22
46.89
75.22
70.4
47.38
63.98
78.37
62.92
38.34
35.69
56.62
67.18
29.89
28.13