19.11
19.19
23.4
20.43
23.28
22.18
22.31
35.99
25.68
34.57
21.89
19.96
24.61
29.81
25.1
24.88
24.31
38.04
25.97
24.09
31.88
30.89
21.94
18.6
17.47
17.59
18.06
15.39
10.76
18.49
59.71
20.78
20.94
23.75
23.39
28.6
32.08
30.42
39.35
51.26
37.15
43.88
37.58
38.7
54.4
49.57
30.64
24.53
18.74
20.5
19.91
17.3
18.28
36.12
26.37
25.31
27.23
37.02
47.09
25.65
27.3
36.62
39.62
56.31
79.7
57.04
57.3
35.64
48.23
29.86
28.06
25.79
19.95
16.29
15.3
15.73
16.32
26.67
23.95
25.68
26.98
26.68
25.16
34.15
30.19
34.17
32.47
37.8
34.27
29.24
32.26
28.55
31.6
29.46
20.98
21.01
25.71
25.25
22.22
21.15
19.75
17.12
16.07
19.5
24.87
26
32.29
28.39
23.84
31.71
24.77
23.3
25.02
25.5
30.86
26.46
35.51
30.42
20.07
21.81
19.88
24.52
18.95
17.99
18.75
19.66
13.04
14.71
16.71
29.82
20.71
26.8
25.7
24.38
30.24
27.64
31.54
35.08
32.74
20.72
26.43
25.54
19.53
17.86
19.44
18.53
18.41
21.48
19.44
26.99
22.07
27.26
29.07
33.15
32.59
37.49
41.01
55.9
84.8
42.93
83.55
107.76
64.82
28.86
44.16
33.47
25.38
20.2
19.05
20.35
19.09
16.75
18.35
18.64
21.75
23.57
30.67
32.66
28.33
38.59
29.35
33.13
41.4
56.45
72.36
89.18
52.91
30.35
38.45
39.26
29.11
19.17
18.93
21.11
20.15
18.71
19.56
24.67
22.56
25.21
21.05
26.35
35.46
40.79
42.97
44.81
39.9
99.82
105.06
64.65
35.9
32.05
62.71
49.78
28.02
23.17
18.55
20.95
19.25
19.22
20.47
42.22
45.73
29.15
26.65
27.83
26.34
39.46
53.74
43.1
34.8
35.95
37.7
69.61
48.95
28.9
31.53
30.5
25.47
21.84
17.71
18.43
14.85
15.78
16.33
24.13
22.61
33.45
86.44
25.51
24.07
31.73
28.64
34.73
72.28
51.7
83.45
41.22
30.18
26.66
28.57
27.76
38.24
18.37
17.94
20.09
19.26
18.14
18.47
21.12
18.41
22.73
21.29
22.61
28.42
27.76
24.64
25.36
33.6
38.16
29.15
37.43
59.77
24.88
25.26
35.6
31.22
19.91
19.23
19.9
18.22
17.84
18.09
19.09
18.87
22.49
22.57
23.97
28.12
27.05
34.82
27.41
26.17
35.63
28.06
27.41
40.33
73.48
30.52
31.43
24.72
18.8
18.72
19.5
17.97
17.11
17.53
18.81
26.48
36.24
40
23.76
32.13
47.4
56.12
52.74
62.05
45.69
83.58
83.32
33.26
33.54
30.64
28.14
23.87
19.35
19.43
17.92
18.33
17.28
18.52
20.67
27.93
25.77
27.14
39.78
29.57
35.99
43.42
49.8
150.32
192.07
308.63
150.87
49.14
41
37.58
35.81
27.04
24.51
19.75
19.46
21.2
20.54
25.02
28.26
115.72
18.55
29.04
33.54
42.83
38.65
36.8
39.38
33.4
31.76
32.34
37.98
44.57
32.94
31.47
45.04
24.07
20.98
20.08
19.53
20.92
17.97
22.78
51.43
20.04
25.26
30.52
39.38
29.23
34.16
46.73
70.3
25.96
27.29
39.53
44.2
27.2
27.82
35
54.87
20.22
14.95
14.01
15.92
14.25
16.3
15.19
20.16
20.36
24.48
28.66
30.04
28.74
38.77
40.17
39.27
29.53
26.48
24.72
26.77
21.92
24.31
33.28
23.27
21.38
19.42
19.47
26.83
19.41
17.78
18.49
19.98
21.33
23.61
23.76
29.34
30.81
27.79
28.17
28.11
32.21
37.27
36.28
43.44
60.18
25.44
27.53
25.55
44.6
21.37
20.75
19.47
17.26
15.73
14.83
15.69
16.41
20.99
27
24.09
30.12
24.81
30.58
41.57
50.54
163.96
86.73
112.9
85.88
54.81
37.36
64.85
27.07
21.04
16.08
16.94
15.9
11.35
11.26
11.92
24.13
23.57
24.05
28.22
28.75
36.16
44.98
57.66
35.83
150.93
53.02
35.39
31.14
26.97
24.61
27.51
20.57
18.65
17.29
16.8
17.91
17.56
18.4
23.61
30.47
28.94
31.46
33.33
25.32
33.77
73.42
34.16
34.75
42.82
49.4
44.98
33.45
35.1
49.81
33.63
9.76
17.33
17.96
18.13
16.1
15.18
18.79
24.27
28.81
25.38
24.82
26.44
32.18
34.91
90.43
49.84
79.97
31.23
43.28
97.93
39.5
29.24
32.24
33.95
22.41
19.1
18.46
16.69
17.14
15.29
16.11
17.45
19.24
19.71
22.59
31.64
27.67
91.02
29.19
97.94
55.21
53.22
105.84
167.17
178.87
36.94
36.48
42.99
24.54
22.15
18.02
16.69
14.25
13.91
14.24
17.19
18.87
19.75
23.29
30.32
25.17
33.57
28.37
57.05
40.66
55.51
69.94
77.75
69.72
31.24
28.89
31.01
24.78
22.89
21.06
19.51
17.47
13.68
10.06
13.35
7.24
17
25.87
24.49
25.78
28.09
32.13
31.44
30.46
30.59
33.13
37.12
31.43
28.61
28.1
22.89
22.8
23.85
22.46
20.5
18.67
16.56
15.48
16.21
14.63
15.97
21.16
22.38
29.27
33.76
54.04
28.89
40.74
31.74
26.65
49.1
25.27
29.62
11.91
26
11.93
9.74
15.68
5.66
-25.32
0.57
10.1
10.12
-6.61
14.96
18.52
36.35
26.74
32.52
39.35
34.42
25.52
37.94
43.87
76.26
44.17
61.73
35.5
50.82
24.17
19.94
17.55
16.89
17.05
16.33
16.47
19.49
20.82
25.62
27.95
32.6
40.36
95.6
106.91
157.03
199.08
300.35
193.3
189.9
219.03
43.95
28.43
33.15
27.72
26.52
22.46
22.92
20.7
20.36
20.53
28.16
26.29
56.55
26.62
38.78
53.47
69.66
79.84
78.55
105.6
51.03
54
35.71
56.18
33.14
34.61
30.19
26.21
20.8
18.89
20.7
20.36
20.53
28.16
26.29
56.55
26.62
38.78
53.47
69.66
79.84
78.55
105.6
51.03
54
35.71
56.18
33.14
34.61
30.19
26.21
20.8
18.89