22.97
21.51
21
20.07
20.8
22.43
26.1
56.44
34.5
57.4
45.45
48.27
71.49
36.66
48.85
29.95
31.36
39.13
51.37
31.11
32.53
28.39
22.69
18.64
15.13
17.51
15.48
17.61
17.8
18.27
33.13
25.11
17.27
35.8
28.2
15.21
17.55
33.56
28.47
24.06
33.32
20.23
54.94
32.37
32.56
17.41
13.83
12.71
16.41
12.5
11.21
10.93
14.45
9.68
30.76
27.56
26.02
23.12
22.11
37.73
43.61
44.7
18.33
22.28
29.38
42.69
35.05
27.64
22.34
20.38
14.97
9.96
19.84
19.33
19.43
16.91
18.12
19.09
19.38
21.11
23.06
22.64
22.43
17.1
17.62
15.75
14.56
15.91
17.66
20.27
25.47
25.69
20.88
22.07
20.85
14.67
17.25
17.38
18.01
18.99
18.16
17.84
19.83
18.42
13.9
18.8
22.29
22.25
22.34
22.87
22.21
22.33
22.86
33.09
45.26
23.55
23.64
22.69
19.4
16.94
16.79
16.58
15.62
14.14
17.27
14.35
23.58
26.98
30.55
29.77
25.27
26.93
29.45
37.07
27.18
25.7
26.72
29.77
87.95
36.08
31.18
58.78
22.44
17.77
21.27
20.02
20.01
20.36
21
19.83
23.13
37.49
27.25
32.02
30.69
28.14
44.75
40.78
25.93
32.59
31.98
32.59
39.99
37.16
31.48
30.02
41.55
25.52
27.55
22.4
21.43
22.45
22.91
27.04
56.18
122.27
59.27
56.48
29.11
35.77
32.93
27.62
29.17
29.32
27.05
26.87
47.85
28.98
37.39
37.06
33.05
29.85
26.02
22.93
22.03
22.21
21.87
23.63
23.36
21.61
19.91
21.8
21.66
20.81
21.18
23.57
28.29
25.92
24.62
24.76
25.93
28.49
24.93
24.2
19.99
19.6
15.42
19.46
13.01
15.5
18.73
18.93
14.48
19.15
19.7
22.11
22.05
25.03
26.1
23.95
24.21
22.04
27.55
35.75
95.34
26.49
29.4
36.16
38.35
31.6
32.08
42.48
35.17
34.57
37.59
32.92
48.8
37.89
30.08
32.1
33.73
36.21
25.53
25.58
27.44
26.84
31.04
35.06
58.28
34.9
34.3
37.82
43.57
35.03
29.82
33.77
33.06
32.61
31.61
31.78
32.8
32.47
32.54
29.94
27.39
23.97
22.3
22.97
22.13
23.14
23.62
25.51
28.93
27.33
27.13
24.93
24.01
22.97
21.51
21
20.07
20.8
22.43
26.1
56.44
34.5
57.4
45.45
48.27
71.49
36.66
48.85
29.95
31.36
39.13
51.37
31.11
32.53
28.39
22.69
18.64
15.13
17.51
15.48
17.61
17.8
18.27
33.13
25.11
17.27
35.8
28.2
15.21
17.55
33.56
28.47
24.06
33.32
20.23
54.94
32.37
32.56
17.41
13.83
12.71
16.41
12.5
11.21
10.93
14.45
9.68
30.76
27.56
26.02
23.12
22.11
37.73
43.61
44.7
18.33
22.28
29.38
42.69
35.05
27.64
22.34
20.38
14.97
9.96
19.84
19.33
19.43
16.91
18.12
19.09
19.38
21.11
23.06
22.64
22.43
17.1
17.62
15.75
14.56
15.91
17.66
20.27
25.47
25.69
20.88
22.07
20.85
14.67
17.25
17.38
18.01
18.99
18.16
17.84
19.83
18.42
13.9
18.8
22.29
22.25
22.34
22.87
22.21
22.33
22.86
33.09
45.26
23.55
23.64
22.69
19.4
16.94
16.79
16.58
15.62
14.14
17.27
14.35
23.58
26.98
30.55
29.77
25.27
26.93
29.45
37.07
27.18
25.7
26.72
29.77
87.95
36.08
31.18
58.78
22.44
17.77
21.27
20.02
20.01
20.36
21
19.83
23.13
37.49
27.25
32.02
30.69
28.14
44.75
40.78
25.93
32.59
31.98
32.59
39.99
37.16
31.48
30.02
41.55
25.52
27.55
22.4
21.43
22.45
22.91
27.04
56.18
122.27
59.27
56.48
29.11
35.77
32.93
27.62
29.17
29.32
27.05
26.87
47.85
28.98
37.39
37.06
33.05
29.85
26.02
22.93
22.03
22.21
21.87
23.63
23.36
21.61
19.91
21.8
21.66
20.81
21.18
23.57
28.29
25.92
24.62
24.76
25.93
28.49
24.93
24.2
19.99
19.6
15.42
19.46
13.01
15.5
18.73
18.93
14.48
19.15
19.7
22.11
22.05
25.03
26.1
23.95
24.21
22.04
27.55
35.75
95.34
26.49
29.4
36.16
38.35
31.6
32.08
42.48
35.17
34.57
37.59
32.92
48.8
37.89
30.08
32.1
33.73
36.21
25.53
25.58
27.44
26.84
31.04
35.06
58.28
34.9
34.3
37.82
43.57
35.03
29.82
33.77
33.06
32.61
31.61
31.78
32.8
32.47
32.54
29.94
27.39
23.97
22.3
22.97
22.13
23.14
23.62
25.51
28.93
27.33
27.13
24.93
24.01
23.13
21.63
21.1
20.14
20.88
22.55
26.19
57.11
34.75
58.19
46.01
48.82
72.54
38.9
49.21
30.01
31.5
39.36
51.7
31.13
32.56
28.41
22.68
18.59
15.05
17.51
15.53
17.63
17.66
18.34
33.41
25.18
17.24
36
28.37
15.31
17.66
33.85
28.65
24.13
33.52
20.27
55.39
32.53
32.68
17.49
13.89
12.79
16.56
12.63
11.32
11.02
14.59
9.81
31.22
27.88
26.31
23.35
22.23
38.07
44.01
45.64
18.19
22.07
29.13
42.39
34.91
27.53
22.26
20.33
14.96
9.96
19.87
19.38
19.47
16.94
18.16
19.13
19.43
21.16
23.1
22.68
22.47
17.18
17.69
15.79
14.61
15.95
17.66
20.23
25.39
25.61
20.07
20.8
22.43
26.1
56.44
34.5
57.4
45.45
48.27
71.49
36.66
48.85
29.95
31.36
39.13
51.37
31.11
32.53
28.39
22.69
18.64
15.13
17.51
15.48
17.61
17.8
18.27
33.13
25.11
17.27
35.8
28.2
15.21
17.55
33.56
28.47
24.06
33.32
20.23
54.94
32.37
32.56
17.41
13.83
12.71
16.41
12.5
11.21
33.73
36.21
25.53
25.58
27.44
26.84
31.04
35.06
58.28
34.9
34.3
37.82
43.57
35.03
29.82
33.77
33.06
32.61
31.61
31.78
32.8
32.47
32.54
29.94
27.39
23.97
22.3
22.97
22.13
23.14
23.62
25.51
28.93
27.33
27.13
24.93