9.7
9.75
9.55
9.23
9.4
11.94
19.51
16.5
18.49
15.58
11.67
10.79
11.04
9.34
5.27
8.06
10.18
11.2
15.07
23.45
14.56
12.91
13.38
9.21
8.22
11.39
8.48
9.44
10.69
12.53
24.11
20.59
16.6
13.02
14.34
15.61
14.74
14.12
15.48
18.18
25.15
26.73
25.41
51.51
15.8
14.42
11.91
10.58
11.67
7
10.54
8.55
12.38
15.35
22.21
27.77
23.17
22.53
23.97
28.52
21.23
21.73
15.34
32.76
38.19
38.43
38.75
125.18
41.97
21.6
14.22
14.79
14
14.26
13.26
11.59
13.17
16.97
14.1
17.79
19.05
18.14
18.84
18.34
17.24
21.21
21
19.86
22.43
26.42
26.03
36.98
14.19
16.07
15.31
14.65
17.79
17.36
16.56
15.88
15.71
16.92
25.33
26.48
25.43
25.63
20.98
21.9
23.56
23.78
31.64
24.99
32.76
31
31.23
47.5
35.32
31.25
26.16
22.72
20.22
20.39
18.88
18.6
19.43
22.68
30.96
26.96
26.62
52.54
25.41
33.91
34.17
42.09
39.53
45.1
39.48
37.17
25.42
34.31
32.05
24.37
21.11
19.64
18.41
16.25
15.47
14.79
15.41
15.77
15.74
16.06
16.39
16.66
19.39
28.9
26.62
30.29
25.78
36.26
31.27
28.14
20.6
34.66
25.89
20.84
16.5
16.82
16.49
15.96
15.38
15.51
16.09
16.23
16.75
16.53
17.27
17.93
19.5
21.51
21.47
21.04
20.53
28.41
28.46
27.7
27.24
45.44
30.87
30.11
21.84
19.65
23.64
17.57
16.76
17.01
17.06
25.63
36.02
31.2
31.5
32.5
33.7
27.6
46.59
37.12
49.18
69.01
66.29
72.31
72.83
134.42
35.86
29.77
24.24
20.47
23.12
19.73
17.95
17.68
17.8
19.16
30.54
24.11
26.93
32.86
22.96
23.96
30.44
36.75
64.25
54.95
42.6
51.95
45.86
39.55
25.1
26.76
18.84
16.83
20.02
19.24
18.41
18.3
18.17
19.25
31.14
25.03
23.89
27.42
29.18
29.99
31.41
31.49
28.06
30.07
30.87
27.89
31.81
37.31
29.31
24.73
19.99
19.43
18.64
17.95
15.94
16.99
17.17
17.27
35.53
22.35
20.4
20.88
23.26
20.46
19.91
19.27
18.6
17.6
17.96
19.53
22.41
22.62
18.11
17.12
15.33
9.7
9.75
9.55
9.23
9.4
11.94
19.51
16.5
18.49
15.58
11.67
10.79
11.04
9.34
5.27
8.06
10.18
11.2
15.07
23.45
14.56
12.91
13.38
9.21
8.22
11.39
8.48
9.44
10.69
12.53
24.11
20.59
16.6
13.02
14.34
15.61
14.74
14.12
15.48
18.18
25.15
26.73
25.41
51.51
15.8
14.42
11.91
10.58
11.67
7
10.54
8.55
12.38
15.35
22.21
27.77
23.17
22.53
23.97
28.52
21.23
21.73
15.34
32.76
38.19
38.43
38.75
125.18
41.97
21.6
14.22
14.79
14
14.26
13.26
11.59
13.17
16.97
14.1
17.79
19.05
18.14
18.84
18.34
17.24
21.21
21
19.86
22.43
26.42
26.03
36.98
14.19
16.07
15.31
14.65
17.79
17.36
16.56
15.88
15.71
16.92
25.33
26.48
25.43
25.63
20.98
21.9
23.56
23.78
31.64
24.99
32.76
31
31.23
47.5
35.32
31.25
26.16
22.72
20.22
20.39
18.88
18.6
19.43
22.68
30.96
26.96
26.62
52.54
25.41
33.91
34.17
42.09
39.53
45.1
39.48
37.17
25.42
34.31
32.05
24.37
21.11
19.64
18.41
16.25
15.47
14.79
15.41
15.77
15.74
16.06
16.39
16.66
19.39
28.9
26.62
30.29
25.78
36.26
31.27
28.14
20.6
34.66
25.89
20.84
16.5
16.82
16.49
15.96
15.38
15.51
16.09
16.23
16.75
16.53
17.27
17.93
19.5
21.51
21.47
21.04
20.53
28.41
28.46
27.7
27.24
45.44
30.87
30.11
21.84
19.65
23.64
17.57
16.76
17.01
17.06
25.63
36.02
31.2
31.5
32.5
33.7
27.6
46.59
37.12
49.18
69.01
66.29
72.31
72.83
134.42
35.86
29.77
24.24
20.47
23.12
19.73
17.95
17.68
17.8
19.16
30.54
24.11
26.93
32.86
22.96
23.96
30.44
36.75
64.25
54.95
42.6
51.95
45.86
39.55
25.1
26.76
18.84
16.83
20.02
19.24
18.41
18.3
18.17
19.25
31.14
25.03
23.89
27.42
29.18
29.99
31.41
31.49
28.06
30.07
30.87
27.89
31.81
37.31
29.31
24.73
19.99
19.43
18.64
17.95
15.94
16.99
17.17
17.27
35.53
22.35
20.4
20.88
23.26
20.46
19.91
19.27
18.6
17.6
17.96
19.53
22.41
22.62
18.11
17.12
15.33
9.76
9.79
9.58
9.27
9.44
11.96
19.52
16.52
18.49
15.59
11.66
10.78
11.04
9.34
5.28
8.08
10.36
11.68
15.43
23.96
14.89
13.17
13.6
9.47
8.38
11.55
8.64
9.6
10.94
12.82
24.52
21.05
16.98
13.38
14.71
15.9
15.13
14.46
15.92
18.62
25.67
27.33
25.92
52.61
16.06
14.5
11.99
10.66
11.74
7.1
10.61
8.64
12.46
15.44
22.27
27.8
23.2
22.54
23.95
28.5
21.23
21.69
15.16
32.74
38.15
38.44
38.79
125.3
41.93
21.65
14.23
14.82
14.03
14.29
13.29
11.61
13.2
17.01
14.11
18.05
19.4
18.52
19.33
18.8
17.8
21.79
21.49
20.67
23.05
27.12
26.7
37.61
14.62
16.63
15.82
15.04
18.15
17.7
16.9
16.22
16.08
17.36
25.98
27.03
25.88
26.23
21.68
22.41
24.04
24.13
32.07
25.57
33.21
32.38
31.42
47.64
18.34
17.24
21.21
21
19.86
22.43
26.42
26.03
36.98
14.19
16.07
15.31
14.65
17.79
17.36
16.56
15.88
15.71
16.92
25.33
26.48
25.43
13.6
9.47
8.38
11.55
8.64
9.6
10.94
12.82
24.52
21.05
16.98
13.38
14.71
15.9
15.13
14.46
15.92
18.62
25.67
27.33
25.92
52.61
16.06
14.5
11.99
10.66
11.74
7.1
10.61
8.64
12.46
15.44
22.27
27.8
23.2
22.54
23.95
28.5
21.23
21.69