20.99
19.76
15.72
13.71
11.14
10.24
12.28
12.39
12.97
13.44
13.07
15.88
17.5
17.54
20.42
18.97
17.54
17.77
17.91
18.86
20.45
17.86
17.67
13.23
2.32
9.87
8.59
7.23
7.79
11
10.57
7.92
11.41
9.7
8.69
8.77
6.74
2.01
1.63
-83.85
-15.92
5.3
-2.3
8.81
10.56
10.11
9.7
10.26
14.4
15.9
10.67
10.97
11.17
14.87
17.09
4.92
-58.98
11.88
13.83
11
9.46
6.52
5.56
6.27
8.31
9.84
11.47
11.46
14.09
8.54
-188.25
-134.9
5.98
5.44
-0.25
6.14
0.23
3.29
2.19
-1.05
-17.35
3.54
9.39
5.6
-1.6
1.62
6.05
9.33
10.44
14.74
15.62
19.34
27.85
14.38
10.85
13.8
17.73
16.64
9.8
8.73
12.65
21.65
21.13
18.57
19.56
21.75
22.98
18.78
21.68
28.97
29.47
42.13
32.53
21.35
27.86
15.6
21.61
21.61
17.84
19.12
19.4
20.82
17.31
13.85
16.63
19.46
23.93
20.95
21.48
22.46
21.7
21.43
21.09
21.71
19.6
16.65
17.44
19.11
18.73
19.16
18.26
17.91
15.92
17.03
14.25
16.07
16.2
13.3
15.6
15.39
18.19
17.23
18.8
21.29
22.01
20.77
21.1
21.68
19.98
21.14
22.49
23.1
23.03
23.91
23.75
21.28
17.32
13.35
12.79
15.98
14.18
12.06
12.02
17.63
21.04
20.56
20.85
22.73
20.07
14.64
18.98
17.72
15.74
15.22
14.59
18.48
21.37
25.72
22.47
20.27
20.51
16.16
12.23
18.27
7.6
7.73
9.68
19.27
16.66
10.12
15.12
6.95
6.34
4.15
5.95
4.4
3.7
0.49
3.96
6.41
4.81
13.66
14.86
6.7
3.33
2.91
8.94
4.95
1.94
-5.78
-15.52
-3.04
-23.81
-221.05
-311.1
-345.24
2.25
1.88
1.36
3.59
5.12
6.9
6.04
10.58
12.13
26.76
14.56
-8.9
7.55
-96.79
0.98
-9.4
2.96
3.83
5.62
10.09
15.31
13.21
12.01
10.84
12.66
11.1
9.44
11.43
12.97
13.74
16.68
13.02
12.28
21.17
17.58
17.59
10.09
16.29
19.16
16.37
15.03
16.89
17.99
20.96
27.14
25.36
23.46
25.71
24.04
22.79
23.05
26.28
24.02
41.21
27.29
46.72
26.42
49.08
29.39
22.22
21.57
20.99
19.76
15.72
13.71
11.14
10.24
12.28
12.39
12.97
13.44
13.07
15.88
17.5
17.54
20.42
18.97
17.54
17.77
17.91
18.86
20.45
17.86
17.67
13.23
2.32
9.87
8.59
7.23
7.79
11
10.57
7.92
11.41
9.7
8.69
8.77
6.74
2.01
1.63
-83.85
-15.92
5.3
-2.3
8.81
10.56
10.11
9.7
10.26
14.4
15.9
10.67
10.97
11.17
14.87
17.09
4.92
-58.98
11.88
13.83
11
9.46
6.52
5.56
6.27
8.31
9.84
11.47
11.46
14.09
8.54
-188.25
-134.9
5.98
5.44
-0.25
6.14
0.23
3.29
2.19
-1.05
-17.35
3.54
9.39
5.6
-1.6
1.62
6.05
9.33
10.44
14.74
15.62
19.34
27.85
14.38
10.85
13.8
17.73
16.64
9.8
8.73
12.65
21.65
21.13
18.57
19.56
21.75
22.98
18.78
21.68
28.97
29.47
42.13
32.53
21.35
27.86
15.6
21.61
21.61
17.84
19.12
19.4
20.82
17.31
13.85
16.63
19.46
23.93
20.95
21.48
22.46
21.7
21.43
21.09
21.71
19.6
16.65
17.44
19.11
18.73
19.16
18.26
17.91
15.92
17.03
14.25
16.07
16.2
13.3
15.6
15.39
18.19
17.23
18.8
21.29
22.01
20.77
21.1
21.68
19.98
21.14
22.49
23.1
23.03
23.91
23.75
21.28
17.32
13.35
12.79
15.98
14.18
12.06
12.02
17.63
21.04
20.56
20.85
22.73
20.07
14.64
18.98
17.72
15.74
15.22
14.59
18.48
21.37
25.72
22.47
20.27
20.51
16.16
12.23
18.27
7.6
7.73
9.68
19.27
16.66
10.12
15.12
6.95
6.34
4.15
5.95
4.4
3.7
0.49
3.96
6.41
4.81
13.66
14.86
6.7
3.33
2.91
8.94
4.95
1.94
-5.78
-15.52
-3.04
-23.81
-221.05
-311.1
-345.24
2.25
1.88
1.36
3.59
5.12
6.9
6.04
10.58
12.13
26.76
14.56
-8.9
7.55
-96.79
0.98
-9.4
2.96
3.83
5.62
10.09
15.31
13.21
12.01
10.84
12.66
11.1
9.44
11.43
12.97
13.74
16.68
13.02
12.28
21.17
17.58
17.59
10.09
16.29
19.16
16.37
15.03
16.89
17.99
20.96
27.14
25.36
23.46
25.71
24.04
22.79
23.05
26.28
24.02
41.21
27.29
46.72
26.42
49.08
29.39
22.22
21.57
20.99
19.76
15.72
13.71
11.14
10.24
12.28
12.39
12.97
13.44
13.07
15.88
17.5
17.54
20.42
18.97
17.54
17.77
17.91
18.86
20.45
17.86
17.67
13.23
2.32
9.87
8.59
7.23
7.79
11
10.57
7.92
11.41
9.7
8.69
8.77
6.74
2.01
1.63
-83.85
-15.92
5.3
-2.3
8.81
10.56
10.11
9.7
10.26
14.4
15.9
10.67
10.97
11.17
14.87
17.09
4.92
-58.98
11.88
13.83
11
9.46
6.52
5.56
6.27
8.31
9.84
11.47
11.46
14.09
8.54
-188.25
-134.9
5.98
5.44
-0.25
6.14
0.23
3.29
2.19
-1.05
-17.35
3.54
9.39
5.6
-1.6
1.62
6.05
9.33
10.44
14.74
15.62
19.34
27.85
14.38
10.85
13.8
17.73
16.64
9.8
8.73
12.65
21.65
21.13
18.57
19.56
21.75
22.98
18.78
21.68
28.97
29.47
42.13
32.53
21.35
27.86
15.6
21.61
21.61
17.84
19.12
19.4
20.82
17.31
13.85
16.63
19.46
23.93
20.95
21.48
22.46
21.7
21.43
21.09
21.71
19.6
16.65
17.44
19.11
18.73
19.16
18.26
17.91
15.92
17.03
14.25
16.07
16.2
13.3
15.6
15.39
18.19
17.23
18.8
21.29
22.01
20.77
21.1
21.68
19.98
21.14
22.49
23.1
23.03
23.91
23.75
21.28
17.32
13.35
12.79
15.98
14.18
12.06
12.02
17.63
21.04
20.56