81.52
43.4
93.53
89.09
89.21
38.56
112.77
109.47
114.45
100.61
98.4
84.43
32.75
104.52
102.59
90.76
74.8
63.38
73.42
87.79
112.46
40.02
56.9
81.99
7.89
17.33
0.01
72.13
190.05
211.66
179.86
294.57
370.69
362.63
286.23
337.09
287.31
188.3
239.28
349.77
355.58
318.85
367.5
290.78
91.09
40.04
17.0
161.54
24.84
49.5
38.69
4.87
13.46
26.98
28.84
13.52
0.01
0.01
0.01
0.01
0.01
0.01
0.01
0.01
49.5
38.69
4.87
13.45
26.98
28.83
13.52
2.45
1.16
24.88
0.24
0.01
7.44
0.01
-0.01
-0.01
0.01
0.01
0.01
0.01
1.16
24.88
6.38
0.01
0.01
-0.5
-0.49
10.5
0.38
0.04
5.05
0.04
0.01
45.5
175.29
0.01
53.95
98.43
73.97
71.85
79.72
80.11
49.96
42.43
161.55
58.71
116.09
168.19
0.01
77.1
108.22
75.64
44.37
80.11
6.17
76.58
105.88
82.33
83.75
78.57
81.0
123.28
0.01
103.2
176.5
54.19
90.08
56.47
12.31
66.13
0.05
114.27
-0.01
56.36
126.4
128.76
78.38
82.22
83.39
81.04
0.01
0.04
74.18
0.01
107.08
94.77
137.66
122.9
127.65
83.63
9.51
31.53
99.34
11.08
14.29
60.52
54.6
195.67
76.85
73.65
7.9
2.93
21.77
83.78
101.2
72.16
74.2
85.05
123.19
135.85
88.21
37.46
65.24
54.53
31.3
0.11
99.73
9.45
40.58
27.55
36.51
114.6
53.97
90.87
84.85
90.33
51.93
77.67
0.01
93.22
43.46
0.87
11.2
37.17
65.45
51.8
91.29
68.01
28.72
66.78
126.47
106.62
48.63
44.55
39.73
0.05
10.31
0.01
39.16
35.2
55.87
52.06
12.51
59.49
41.2
44.16
58.26
199.96
212.61
221.83
249.2
25.48
192.1
40.28
201.52
41.2
54.24
211.38
621.13
725.32
626.64
195.92
634.35
20.73
45.8
29.92
0.01
20.17
36.55
47.78
24.4
6.21
43.71
22.57
8.21
10.81
23.14
0.32
0.01
2.43
237.41
200.84
199.93
66.42
175.34
0.01
36.54
36.55
11.19
6.21
-0.01
-0.01
-0.01
-0.01
0.01
0.01
0.01
0.01
0.01
-0.01
-0.01
-0.01
-0.01
-0.01
-0.01
-0.01
-0.01
-0.01
-0.01
-0.01
-0.01
-0.01
-0.01
-0.01
0.01
48.93
37.82
7.13
23.26
16.89
15.28
9.89
15.49
12.03
24.82
349.99
182.64
175.34
0.05
48.82
15.51
14.56
16.74
15.62
10.05
9.91
16.91
17.12
36.65
-0.01
-0.01
-0.01
-0.01
31.37
36.62
191.72
7.57
22.23
21.19
20.17
63.7
43.95
56.3
370.98
74.81
74.09
36.63
2.15
35.08
191.77
20.62
13.79
23.14
-0.01
0.89
7.38
7.21
2.89
15.97
17.83
61.17
52.47
10.27
588.64
175.34
8.17
602.68
6.26
3.02
33.9
7.36
2.89
15.1
21.05
60.57
53.59
-0.01
0.02
6.92
5.45
15.45
11.23
12.67
10.02
9.64
9.88
18.23
11.22
17.15
0.01
2.13
5.07
15.44
11.21
12.13
9.99
11.67
3.93
17.22
11.88
0.05
90.32
0.01
26.83
26.99
30.31
30.55
29.06
29.4
33.31
194.04
350.01
588.64
40.96
0.01
18.11
89.05
98.03
27.08
29.16
30.24
29.93
30.15
27.07
0.01
61.84
30.22
5.84
20.85
27.27
14.3
11.25
54.2
31.26
9.74
0.01
37.74
6.03
62.89
41.38
25.87
6.49
40.4
175.34
17.02
28.1
14.43
60.39
22.44
51.7
10.25
32.71
7.05
34.61
-0.01
0.01
0.01
7.53
2.63
0.01
9.0
0.01
7.91
20.69
175.34
175.34
54.81
45.72
26.58
17.19
17.35
0.01
3.1
-0.01
81.01
80.75
85.08
202.95
135.51
47.96
135.13
32.99
37.98
147.09
29.03
51.55
609.42
588.65
58.32
194.6
0.02
76.0
76.23
8.38
203.7
137.83
199.79
0.02
0.01
0.01
0.01
0.01
108.22
166.43
156.1
95.92
-0.01
0.15
17.62
30.79
31.82
40.25
15.77
71.1
23.51
23.39
54.81
58.82
3.56
376.21
14.62
35.88
103.37
99.52
100.66
135.88
202.96
257.78
125.94
192.51
180.08
81.94
57.66
54.12
0.04
118.25
93.32
100.87
99.79
179.22
294.6
248.13
130.15
199.65
41.74
63.53
225.34
64.67
86.51
42.97
83.77
74.66
116.81
143.2
252.69
92.67
72.74
129.77
636.06
1014.3
99.39
21.58
2.93
60.07
169.59
162.92
65.99
97.21
0.01
71.52
134.41
0.01
19.18
92.35
1175.16
13.54
80.96
588.43
175.28
124.65
588.43
96.47
211.77
49.31
85.58
5.63
65.92
606.76
79.97
606.76
102.98
379.52
144.28
66.73
75.37
239.0
90.56
56.18
83.43
47.14
161.62
86.41
68.01
129.67
52.56
49.32
209.92
89.84
82.37
79.79
72.14
76.94
5.17
15.5
13.7
10.6
116.95
81.31
88.97
91.9
89.09
52.98
95.02
113.24
107.52
96.56
80.73
39.07
42.52
198.5
163.83
116.09
106.17
164.05
238.41
165.25
237.97
166.63
131.1
286.02
86.0
106.14
111.07
122.85
145.4
105.09
92.6
102.68
88.64
38.45
41.33
39.44
0.04
12.76
48.63
0.04
7.92
0.03
0.04
127.54
122.86
145.34
107.46
100.27
10.24
11.11
8.69
0.01
0.01
0.01
0.01
0.03
0.01
-0.01
14.66
2.3
0.01
17.32
23.92
6.87
21.59
26.27
11.36
6.43
11.19
0.02
0.02
19.62
88.21
37.46
65.24
54.53
31.3
0.11
99.73
9.45
40.58
27.55
36.51
114.6
53.97
90.87
84.85
90.33
51.93
77.67
0.01
93.22
43.46
0.87
11.2
37.17
65.45
51.8
91.29
68.01
28.72
66.78
126.47
106.62
48.63
44.55
39.73
0.05
10.31
0.01
39.16
35.2
55.87
52.06
12.51
59.49
41.2
44.16
58.26
199.96
212.61
221.83
249.2
25.48
192.1
40.28
201.52
41.2
54.24
211.38
621.13
725.32
626.64
195.92
634.35
20.73
45.8
29.92
0.01
20.17
36.55
47.78
24.4
6.21
43.71
22.57
8.21
10.81
23.14
0.32
0.01
2.43
237.41
200.84
199.93
66.42
175.34
0.01
36.54
36.55