0.01
0.01
-4630.62
7.14
0.34
0.46
-0.01
-0.01
-0.01
0.02
0.02
0.36
4.16
0.01
0.18
0.27
2.84
0.02
0.15
0.7
2.29
0.01
3.01
7.24
4.87
0.01
0.01
0.01
0.01
0.01
0.01
-4.65
4.65
17.6
12.16
10.4
6.53
11.48
2.87
0.01
-0.01
-1.63
8.24
3.49
0.01
0.01
2.67
10.82
0.01
0.01
0.01
-0.88
0.01
0.01
-1197.78
-0.01
0.01
0.01
-0.38
0.45
0.01
0.01
0.01
2.44
-0.72
-353.45
-0.45
0.74
-0.74
0.13
-0.02
-0.02
0.01
-0.01
-0.01
-0.01
-0.01
-335.57
0.01
0.01
0.01
-0.01
0.01
3.3
3.75
4.42
7.0
0.01
0.01
-0.01
-0.01
-0.01
-0.01
-0.01
-0.01
0.01
0.34
21.5
0.01
28.06
0.04
28.9
42.88
44.99
23.01
15.87
7.33
18.91
10.5
18.37
26.68
3.06
12.26
12.31
12.41
12.46
42.65
10.1
27.99
10.29
19.28
30.39
15.15
11.25
0.01
32.57
-0.01
-0.01
-0.01
0.01
0.01
-0.01
31.61
13.33
19.29
22.33
-0.01
1.59
8.24
2.55
1.89
19.28
30.39
15.15
0.01
0.01
4.68
-0.01
-0.01
15.77
0.01
4.64
0.01
0.01
0.01
-0.01
-0.01
-0.01
-0.01
0.01
3.05
-0.01
0.01
0.87
0.01
-0.01
0.01
0.01
8.91
0.54
0.01
0.01
0.01
0.01
-0.01
-0.82
-1.0
-0.63
0.01
-0.62
-0.01
1.27
6.09
19.55
-0.64
-0.79
-0.88
-0.64
-0.77
-0.57
26.39
1.41
0.01
42.25
26.25
32.09
1.55
0.01
0.01
0.01
0.01
0.01
0.01
0.01
0.01
0.01
2.56
0.01
9.13
29.7
28.27
5.56
-0.01
4.69
4.69
5.07
0.01
0.01
0.01
-0.37
0.01
0.01
0.01
-0.57
0.01
0.01
0.01
-0.01
-0.51
-0.51
0.01
0.01
0.01
0.01
6.33
6.25
7.04
7.07
0.01
0.01
0.01
16.32
0.01
0.01
1.53
0.94
5.41
-0.01
0.01
0.01
2.61
2.27
5.48
9.69
8.84
0.01
0.01
0.01
0.01
1.57
0.01
8.98
0.01
0.01
0.01
0.01
0.01
-0.01
0.01
-0.01
-0.01
-0.01
-0.01
-0.01
-0.01
-0.01
0.01
0.01
0.01
-0.01
-0.01
0.01
-0.01
-0.01
-0.01
-0.01
-0.01
-0.01
0.01
0.01
-0.02
0.01
0.01
0.01
-0.01
0.01
0.01
-0.01
-0.01
0.01
0.01
0.01
0.01
-0.01
-0.01
0.01
-0.01
-0.01
0.01
0.01
0.01
0.01
0.01
-0.01
26.74
2.62
0.76
0.01
1.37
-0.01
0.02
0.34
150.31
1.37
2.62
0.75
0.01
0.01
7.8
5.28
1.74
0.01
-0.01
-0.01
1.72
3.3
0.01
0.01
3.29
1.43
20.51
0.01
18.97
3.99
5.01
0.01
0.01
3.24
1.4
20.18
0.01
18.81
3.99
5.01
4.54
0.01
2.33
-1.39
8.2
1.19
0.01
-0.01
0.01
-0.01
0.01
0.01
0.01
0.02
0.02
0.02
873.33
-0.01
-0.01
0.01
2.4
0.02
0.02
0.06
0.01
0.05
8.72
0.1
2.72
0.01
0.01
-0.01
0.01
0.01
-0.01
-0.01
-0.01
-0.01
2.79
0.01
4.31
11.56
13.44
10.5
17.18
-0.01
-0.01
0.01
-0.01
-0.01
0.01
1.2
0.01
7.79
0.01
-0.02
8.2
-0.01
-0.01
-0.01
-0.01
183.1
47.63
25.29
-1.5
-0.01
-0.01
-0.01
-0.01
-0.01
0.01
0.06
0.06
0.07
0.07
0.06
0.07
0.07
19.4
23.34
8.11
10.95
6.2
4.94
4.39
8.39
19.42
12.05
10.95
5.08
5.83
4.69
9.82
2.03
-0.22
-0.29
-0.2
-0.11
-0.1
-0.28
11.82
11.97
10.4
236.21
43.68
27.02
62.09
16.8
34.41
-0.01
29.78
44.82
20.85
61.9
-0.01
-0.01
-0.01
-0.01
-0.01
-0.01
-0.01
-0.01
-0.01
-0.01
-0.01
27.46
27.66
21.06
6.33
28.84
0.06
3.43
4.4
21.52
27.6
-0.02
21.01
25.85
0.01
21.07
-0.01
0.01
-0.01
-0.01
-0.01
-0.01
-0.01
-0.01
-0.01
-0.01
0.01
0.01
0.02
0.01
-0.01
0.01
-0.01
3.06
0.01
-1251.73
4.72
0.25
0.37
1.34
4.72
0.01
0.01
3.91
0.01
0.01
0.01
-0.01
0.01
-0.01
35.04
4.84
0.01
0.01
0.02
0.01
21.53
4.44
4.76
0.02
4.02
0.01
70.89
245.35
0.01
0.78
20.94
21.53
2.55
-0.02
0.02
3.34
0.03
-0.02
0.01
0.25
2.59
14.77
16.19
20.18
16.05
19.09
0.49
8.69
16.74
16.46
-0.01
8.96
4.0
1.75
19.35
18.99
17.17
18.9
16.99
5.0
9.53
12.51
0.01
0.01
11.88
0.01
0.01
0.14
0.01
-1.93
4.72
1.38
13.58
19.97
0.39
1.7
3.99
3.28
1.56
0.44
27.11
0.64
0.14
0.01
4.5
0.79
0.01
0.01
13.08
1.23
2.16
0.01
5.31
8.41
2.51
2.86
-1174.99
1.39
4.57
14.71
9.21
5.32
7.27
2.89
5.09
3.18
1.66
9.37
0.76
3.04
0.01
0.01
0.01
0.01
49.27
0.01
0.01
1.13
5.96
1.14
7.75
0.01
1.72
0.01
-0.01
0.03
51.58
12.48
34.94
1.84
0.01
1.13
5.34
1.35
0.01
0.01
8.82
0.01
2.48
0.55
1.06
0.01
-0.01
0.01
0.01
6.41
0.21
4.84
10.99
36.28
2.73
232.5
0.01
0.01
38.74
2.7
4.92
11.41
2.06
0.01
0.01
9.02
15.59
13.89
-1228.7
-0.01
4.87
4.97
21.47
21.24
12.58
1.81
8.14
3.68
0.01
24.3
0.01
4.76
3.01
8.14
18.8
6.78
0.01
18.81
3.99
5.01
4.54
0.01
2.33
-1.39
8.2
1.19
0.01
-0.01
0.01
-0.01
0.01
0.01
0.01
0.02
0.02
0.02
873.33
-0.01
-0.01
0.01
2.4
0.02
0.02
0.06
0.01
0.05
8.72
0.1
2.72
0.01
0.01
-0.01
0.01
0.01
-0.01
-0.01
-0.01
-0.01
2.79
0.01
4.31
11.56
13.44
10.5
17.18
-0.01
-0.01
0.01
-0.01
-0.01