21.62
7.65
9.06
6.18
0.24
0.01
1.37
0.02
0.01
0.01
0.38
23.02
9.06
4.96
0.01
0.01
1.25
0.02
1.18
0.06
0.01
4.48
1.77
0.74
18.73
18.73
3.11
0.01
0.05
0.05
0.05
0.05
-2.99
0.44
0.44
23.3
1.94
20.41
0.01
0.39
8.42
8.42
8.17
10.94
2.51
8.23
8.34
1.01
9.07
15.08
0.05
16.08
15.42
2.27
2.33
4.53
12.25
13.93
16.54
12.75
1.54
4.87
34.78
29.1
10.17
9.07
15.08
0.05
16.08
15.42
41.46
13.87
632.71
2.25
13.37
8.71
-1175.0
-745.86
42.0
-0.01
-0.01
-0.01
43.29
2.13
12.31
-0.01
-588.98
-1163.35
37.31
-0.01
3.42
1.1
3.34
1.17
5.27
43.29
2.75
-175.44
-175.44
-164.35
2.2
-171.93
-175.45
-588.98
-175.44
0.01
5.27
28.22
-588.98
-175.44
-165.32
2.19
-588.98
-175.44
-175.44
-175.44
12.57
28.18
1.09
1.26
45.16
26.19
31.97
24.65
30.65
22.82
4.56
4.21
4.17
4.2
3.51
26.16
31.93
26.11
23.2
16.74
3.65
3.86
4.19
4.18
2.95
4.25
3.41
4.96
24.19
31.63
0.01
41.67
4.11
4.15
23.56
30.21
25.89
24.32
24.74
31.64
-0.01
25.89
24.32
-0.01
25.88
9.95
41.43
41.6
21.74
-6.45
-4.4
24.32
0.46
3.25
0.11
7.1
0.01
0.85
11.05
-0.01
0.33
0.13
1.75
0.03
0.9
0.25
1.41
3.44
5.28
1.37
1.41
3.45
5.28
-0.08
4.95
3.15
0.01
22.35
8.75
4.77
5.84
0.01
24.54
26.04
7.93
5.82
1.44
1.47
4.83
0.01
1.82
0.49
46.81
14.15
0.05
0.05
0.49
46.85
14.17
0.05
12.88
2.66
-0.11
0.01
0.01
2.1
0.26
0.01
0.01
12.52
0.04
-0.05
0.01
0.01
-0.01
2.23
-0.11
12.52
2.14
-0.07
2.74
-0.11
11.1
11.65
15.22
0.01
5.81
6.66
2.8
5.08
2.52
8.41
8.15
11.04
0.01
0.06
0.02
3.6
7.85
8.24
6.24
4.26
10.82
0.01
17.72
2.06
0.02
5.23
3.52
0.05
25.72
2.9
0.01
8.21
0.01
23.2
26.52
23.85
0.05
3.55
0.03
3.48
3.97
0.83
1.0
22.14
25.87
20.89
4.61
0.01
6.26
11.38
11.44
0.01
0.01
10.14
0.01
0.01
0.05
0.01
0.01
11.44
0.01
-0.01
-0.01
0.05
0.01
-0.01
0.01
6.65
0.01
0.01
30.17
14.04
5.96
22.48
0.05
0.01
16.35
45.92
8.48
33.96
0.46
2.08
16.58
3.44
6.82
0.01
19.22
0.01
0.01
0.01
12.56
0.05
0.01
13.05
40.55
6.61
12.56
28.01
0.05
30.83
0.05
4.55
16.24
0.01
28.58
6.02
0.01
16.03
3.95
0.16
16.86
27.28
27.2
7.62
24.38
23.15
2.88
16.16
29.82
28.71
19.08
13.06
0.01
28.57
32.03
32.09
29.76
28.68
16.93
21.45
28.59
32.02
30.56
28.55
28.67
0.71
21.47
4.72
5.29
5.3
4.92
4.74
2.8
28.65
40.47
32.02
24.56
31.01
0.01
28.37
28.61
24.05
0.01
4.74
24.55
31.01
7.41
27.39
28.68
24.05
0.05
28.7
-0.01
0.05
28.65
0.01
30.84
28.68
21.56
29.16
28.41
27.57
3.89
0.01
0.05
26.33
1.02
5.26
1.42
6.08
26.71
2.62
31.24
8.11
1.02
27.79
27.81
-0.01
0.01
0.01
6.05
30.63
3.36
-0.01
24.4
26.51
17.3
10.05
31.22
0.01
0.01
3.88
13.4
0.06
11.9
29.93
18.32
2.04
33.56
2.66
0.05
3.03
6.24
4.49
0.89
2.09
2.1
0.43
0.02
56.44
38.82
31.73
32.44
29.04
0.01
13.36
0.02
56.43
38.81
31.72
32.44
29.03
0.74
0.63
21.88
6.77
6.52
5.46
6.41
5.17
2.21
83.76
2.17
24.89
0.05
9.17
0.01
0.01
0.01
9.31
10.28
52.61
2.17
24.89
0.05
9.17
0.05
5.85
5.37
4.88
0.36
4.1
2.26
0.48
0.64
0.47
0.01
0.01
0.01
0.01
0.01
0.01
0.01
0.01
0.01
0.01
0.17
0.01
21.08
1.97
11.39
10.48
0.01
0.01
0.01
0.01
0.01
0.01
0.01
0.01
11.09
21.93
34.3
0.01
0.01
0.01
0.01
0.01
0.01
0.01
0.01
0.01
175.35
4.32
0.01
4.62
5.2
42.87
0.28
0.01
0.01
59.84
0.01
0.08
53.13
7.97
17.05
0.01
0.01
0.03
6.87
20.31
0.05
0.01
175.33
1.14
3.37
0.01
0.52
0.49
0.03
0.21
0.13
7.97
17.04
53.13
7.97
17.05
0.01
175.34
0.01
588.64
175.34
25.11
175.35
0.01
175.35
12.47
26.8
26.68
1.34
1.62
0.34
1.21
0.74
2.2
1.6
1.78
1.51
1.88
2.6
2.32
0.01
2.13
2.36
3.68
3.02
2.09
2.04
1.81
1.7
1.5
3.19
3.53
2.95
2.58
1.39
-0.01
-0.01
-0.01
-0.01
-0.01
-0.01
-1.44
-0.01
-3.45
0.01
0.01
0.01
0.85
1.08
0.14
0.21
0.42
0.46
1.02
0.9
0.97
1.67
0.13
0.11
0.01
2.32
0.01
0.01
0.01
0.01
0.01
-0.01
-0.01
35.87
44.83
0.05
0.05
0.03
0.01
26.78
0.04
0.04
0.02
5.95
7.43
0.22
0.56
0.97
0.01
0.78
0.25
1.15
1.04
1.28
1.3
18.36
0.01
31.24
8.11
1.02
27.79
27.81
-0.01
0.01
0.01
6.05
30.63
3.36
-0.01
24.4
26.51
17.3
10.05
31.22
0.01
0.01
3.88
13.4
0.06
11.9
29.93
18.32
2.04
33.56
2.66
0.05
3.03
6.24
4.49
0.89
2.09
2.1
0.43
0.02
56.44
38.82
31.73
32.44
29.04
0.01
13.36
0.02
56.43
38.81
31.72
32.44
29.03
0.74
0.63
21.88
6.77
6.52
5.46
6.41
5.17
2.21
83.76
2.17
24.89
0.05
9.17
0.01
0.01
0.01
9.31
10.28
52.61
2.17
24.89
0.05
9.17
0.05
5.85
5.37
4.88