0.01
0.81
0.01
5.12
11.59
2.8
5.59
-37.17
-0.01
8.23
3.9
0.77
388.89
15.87
88.49
53.34
48.11
1938.15
67.24
3.48
6.53
7.25
12.67
6.69
588.43
55.48
50.24
30.27
6.78
6.06
8.27
-34.85
33.72
9.01
175.28
45.71
44.63
1363.2
38.58
27.25
189.43
350.1
588.43
73.22
198.11
57.92
50.62
588.44
22.85
12.36
9.79
0.01
0.77
9.38
11.04
189.07
35.06
27.88
19.8
2.08
136.28
68.16
60.54
59.92
44.64
15.41
22.85
79.03
94.16
46.0
48.84
38.13
27.84
175.34
0.09
588.57
5.32
4.05
2.66
-0.01
42.16
43.37
45.4
49.12
47.95
175.34
51.11
50.24
28.69
3.52
5.82
5.63
4.98
1.82
1986.54
39.72
0.01
0.01
-0.01
6.04
10.55
12.31
4.31
0.01
9.05
3.13
3.63
21.45
14.44
9.26
53.94
33.28
0.01
0.01
5.3
11.63
12.37
7.37
4.32
197.4
0.01
0.01
12.25
8.22
11.94
8.5
12.97
11.81
8.43
11.94
8.49
14.53
0.01
0.01
0.01
-0.01
0.01
0.01
0.01
0.01
0.01
8.28
3.2
9.55
175.28
16.63
0.03
0.02
0.04
1.15
-31.72
0.03
3.5
17.72
0.03
4.93
6.1
6.34
0.02
16.65
19.97
1.9
1.0
-25.87
2.96
9.9
5.98
4.9
10.01
10.56
0.01
0.01
0.01
0.01
0.01
2.4
0.01
-0.01
-3.72
-0.01
-0.01
19.84
68.2
51.72
49.3
51.36
51.04
56.21
23.28
8.51
2.05
2.44
41.54
22.88
16.87
0.01
0.01
0.01
0.04
4.42
17.35
65.44
47.89
349.99
48.21
69.25
15.89
13.62
16.53
16.99
17.16
18.83
0.02
4.53
8.76
23.46
0.01
0.25
-0.01
-0.01
0.01
1.29
0.01
0.01
0.01
-0.01
-0.01
0.25
0.25
2.06
0.06
0.06
0.07
0.33
0.06
0.07
29.5
0.07
0.06
0.07
0.56
4.17
1.91
2.46
4.93
4.98
3.18
0.01
22.5
18.77
-0.02
0.01
-0.02
-0.02
-0.01
-0.01
0.89
3.82
1.21
0.56
0.86
-0.01
0.01
-0.01
13.71
14.41
18.52
0.01
0.01
10.63
21.34
12.85
12.96
10.52
0.01
0.52
0.01
13.67
14.39
17.54
10.38
8.15
10.69
11.43
11.57
6.55
-0.01
9.62
0.01
6.04
-0.01
5.32
0.01
17.63
0.97
-0.01
-0.01
-0.01
3.32
0.01
6.04
0.01
0.01
3.32
4.11
9.64
5.25
3.5
6.02
18.9
0.01
2.75
0.68
4.85
2.65
0.3
0.01
0.83
0.01
0.01
0.01
0.01
18.08
10.41
0.01
2.11
4.42
1.93
2.4
3.58
0.14
0.96
0.01
0.01
18.08
10.41
13.78
2.9
3.79
14.56
1.41
0.01
0.01
0.01
1.82
0.02
1.61
0.01
0.99
1.01
0.01
14.93
0.05
14.68
1.71
4.14
0.83
1.49
0.01
0.98
4.67
8.45
8.57
7.93
0.01
0.01
0.03
0.98
2.16
1.74
0.5
16.78
17.72
14.99
0.4
0.01
4.94
7.51
6.54
5.28
2.08
0.98
2.18
1.32
3.52
17.8
18.81
1.35
0.01
0.01
0.01
0.01
5.26
18.31
1.34
2.34
3.0
170.87
6.78
17.82
8.41
-0.01
-0.01
-0.01
-0.01
3.52
17.8
18.81
2.8
0.01
0.01
8.75
11.84
11.68
3.88
6.99
0.01
8.39
17.76
13.73
2.8
12.48
8.42
11.95
13.21
0.01
3.47
5.9
9.53
0.03
0.65
6.86
0.01
1.09
-0.01
-0.01
-0.01
0.01
-0.01
0.01
-0.01
-6.99
-17.58
-0.47
-0.01
3.05
-0.01
-17.02
-7.45
-6.94
7.56
1.23
0.01
0.01
0.01
0.01
-0.01
-0.01
0.01
0.01
-0.01
-5.08
-2.4
11.21
5.09
0.01
2.7
0.01
175.47
3.78
0.01
-27.7
0.01
0.01
7.16
17.33
0.01
-317.21
3.39
9.37
-3.39
-1.1
17.35
7.89
9.84
7.83
7.82
10.36
15.12
6.56
1.2
0.01
0.01
-1.96
-4.99
0.01
0.01
0.01
0.01
4.12
7.78
14.36
16.3
18.91
9.46
11.98
11.77
0.01
10.57
11.9
12.13
15.3
13.24
3.99
-0.01
8.28
2.51
0.68
2.34
2.73
0.01
349.99
4.98
1.68
-45.56
14.11
9.05
12.54
51.71
0.01
0.01
0.01
6.25
9.19
16.18
0.04
20.49
17.91
5.61
11.7
10.47
19.67
19.17
41.54
0.01
0.01
0.01
0.01
0.01
12.6
0.01
0.01
14.9
175.34
15.07
17.02
17.43
22.42
17.27
12.25
11.71
7.31
-0.01
0.01
175.36
22.33
16.69
17.46
19.62
37.95
13.69
11.85
7.28
-0.01
2.23
20.66
19.83
20.89
0.01
0.08
17.5
12.38
21.14
9.42
42.5
230.94
349.99
0.01
0.01
40.88
43.42
52.6
47.64
56.62
20.43
15.01
12.52
0.01
8.38
3.73
25.05
25.72
33.79
43.86
-0.01
0.01
9.85
16.27
-1.02
-1.75
-0.01
-0.01
0.01
0.01
0.01
0.01
0.01
0.01
0.01
-4.1
0.01
1.77
8.25
11.38
5.54
8.82
6.9
0.02
0.01
0.01
9.6
0.02
0.01
-56.1
-4.12
-0.01
-10.6
0.01
0.01
0.6
7.03
0.01
5.32
0.01
5.77
7.63
10.16
3.39
18.27
0.01
0.01
0.01
0.01
0.01
-0.01
-0.01
-40.92
-0.01
-0.01
-0.01
-0.01
11.16
40.43
65.59
0.01
-0.01
0.01
12.2
2.43
-38.98
34.79
26.44
175.28
8.63
9.85
15.47
17.96
10.11
8.85
6.87
4.08
6.77
-0.01
-0.01
0.02
88.46
450.31
457.39
541.63
0.02
66.12
349.99
8.8
10.03
1.03
10.93
13.7
12.1
15.36
0.15
4.04
3.79
6.32
0.01
-0.01
0.01
0.01
0.01
-0.01
29.05
13.67
13.77
0.01
8.09
6.32
8.1
0.01
0.01
0.02
0.01

0.01
0.01
6.25
9.19
16.18
0.04
20.49
17.91
5.61
11.7
10.47
19.67
19.17
41.54
0.01
0.01
0.01
0.01
0.01
12.6
0.01
0.01
14.9
175.34
15.07
17.02
17.43
22.42
17.27