2.31
5.95
3.39
0.05
5.92
4.16
1.03
0.95
0.63
0.01
9.07
8.16
2.86
9.08
3.4
2.88
9.08
19.28
3.85
1.02
10.12
3.97
4.09
0.05
0.01
-0.01
-0.01
0.01
-0.01
-0.01
-0.01
0.01
0.5
1.89
-0.01
-0.01
-0.01
0.01
0.01
0.01
0.08
0.08
51.04
49.59
0.06
0.02
0.02
0.02
3.27
0.01
0.01
0.01
0.01
0.01
0.01
-0.02
0.01
0.01
0.01
0.01
0.01
0.01
0.01
-0.01
-0.01
-0.01
-0.01
-0.01
-0.01
-0.01
-0.01
-0.01
0.01
0.01
0.01
0.01
-0.01
-0.01
-0.01
-0.01
-0.01
-0.01
0.01
0.01
0.01
0.01
0.01
0.58
10.49
0.01
1.88
-0.01
0.01
-0.01
-0.01
0.01
0.01
1.12
5.0
1.81
9.72
0.01
6.31
4.91
8.98
6.51
1.2
11.57
5.97
6.64
0.01
5.75
0.49
6.87
8.64
2.11
8.94
11.7
2.2
2.61
0.01
0.01
0.09
11.06
6.11
8.74
4.77
2.34
175.34
-0.01
8.05
12.32
0.91
0.58
1.02
8.21
0.29
4.29
179.68
8.43
7.43
-0.01
-0.01
-0.01
11.55
0.02
3431.76
0.02
4.88
4.41
0.02
0.01
0.01
0.02
0.02
0.02
9.66
0.02
0.03
3431.77
0.03
4.66
4.22
0.03
0.02
0.01
0.02
0.02
8.18
26.67
29.41
14.99
8.95
8.44
1.74
7.22
0.01
19.37
11.56
11.47
14.98
9.02
8.04
7.82
6.34
0.41
1.92
3.0
2.63
23.71
7.85
11.99
0.01
0.01
0.01
-0.01
-0.01
-0.01
0.01
0.01
-0.01
0.01
0.01
0.01
-5.24
15.36
6.57
3.82
0.57
-2.17
-2.85
-1.38
0.01
0.01
0.01
0.88
0.01
0.01
0.01
0.01
0.01
0.01
0.01
-0.01
-0.01
-0.01
0.01
0.01
0.01
0.01
0.01
-0.01
-0.01
-0.01
-0.01
-0.01
-0.01
-0.01
-0.01
-0.01
7.64
0.05
5.64
6.18
3.47
2.49
8.58
8.54
5.48
3.46
0.48
2.82
1.24
0.81
0.89
0.36
0.66
8.58
8.54
5.48
3.46
0.48
2.82
7.63
13.03
0.01
6.15
2.32
10.77
8.42
14.91
10.29
4.75
10.21
19.11
18.93
26.45
0.2
5.6
2.56
3.03
0.01
10.64
10.74
3.79
19.63
14.98
22.04
0.01
0.75
0.01
0.01
1.55
3.84
16.49
6.02
0.01
0.6
3.49
2.98
1.05
0.01
20.08
27.59
18.45
5.64
0.01
4.09
3.91
26.3
1.62
0.01
0.01
3.83
22.08
0.01
0.03
24.0
24.2
-0.01
0.01
-0.01
-0.01
-0.01
-0.01
0.01
-0.01
-0.01
0.01
0.01
21.5
22.42
11.76
7.93
4.21
2.02
0.01
0.01
0.01
9.65
19.49
64.65
19.47
0.03
0.62
9.34
0.03
25.82
24.69
0.01
179.54
175.35
20.26
602.74
19.9
13.42
17.32
27.98
24.59
21.82
0.01
0.02
0.03
27.72
12.53
5.57
5.63
5.72
0.01
0.01
6.6
19.61
17.76
358.39
179.54
5.45
0.02
6.6
1.27
-0.01
-0.01
0.01
4.18
-0.01
131.98
0.01
0.01
0.01
0.01
6.31
12.53
12.9
0.01
0.01
-0.01
0.01
0.02
13.77
15.42
-1.27
4.36
3.63
0.01
0.01
7.26
18.57
6.96
-0.01
0.01
0.01
0.01
14.05
-0.01
-0.01
-0.01
-0.01
-0.01
-0.01
-0.01
-0.01
-0.01
0.01
11.23
0.01
-2.5
-3.98
-1.48
-1.76
-1.75
-14.16
-3.61
-2.28
0.96
0.91
2.89
2.43
2.27
2.15
50.71
39.76
30.85
58.48
50.07
17.03
567.93
19.92
49.18
55.05
22.43
1.18
0.92
0.88
2.65
2.17
5.68
92.67
17.11
2.3
0.01
2.33
0.82
1.07
9.2
7.88
14.15
3.26
10.1
9.77
19.0
12.79
53.18
48.39
0.1
0.01
2.32
0.54
2.25
0.79
10.55
10.34
0.01
0.01
0.01
0.01
0.01
1.77
1.77
0.01
0.01
0.01
4.95
0.01
0.01
0.01
0.01
-0.01
0.01
0.01
0.01
0.01
0.01
0.01
0.01
0.01
0.01
5.72
14.9
9.35
40.01
5.72
4.19
25.12
0.82
2.15
4.05
4.99
12.81
1.94
7.69
5.72
14.41
28.14
40.01
-0.01
-0.01
-0.01
-0.01
-0.01
6.83
0.06
0.01
0.01
0.01
0.01
0.01
0.01
7.63
0.37
0.01
3.87
-0.03
-0.02
-1.06
-0.81
-1.83
-1.61
2.75
3.87
0.01
0.01
0.01
0.01
0.01
6.7
15.0
5.4
6.47
5.6
4.68
2.56
6.7
9.02
5.17
6.54
6.51
5.62
4.56
2.85
1.3
0.75
0.77
0.94
0.81
0.52
14.97
17.15
0.05
0.25
0.01
0.01
-0.01
-0.01
0.01
3.86
0.01
2.22
12.17
16.14
3.24
8.19
0.01
3.68
1.33
7.61
0.94
1.23
0.01
9.53
8.19
3.24
0.01
9.07
0.05
22.66
0.05
0.05
22.65
1.79
1.05
9.91
8.73
0.01
17.59
14.48
0.01
-0.01
-0.01
10.81
4.49
-0.01
-0.01
-0.01
-0.01
-0.01
0.01
0.01
0.01
0.01
0.01
0.01
0.01
0.01
0.01
0.01
0.01
0.01
67.53
7.44
76.57
27.21
-0.87
-0.62
-0.59
-68.13
-0.8
67.55
7.45
0.01
17.38
7.22
0.01
0.01
0.01
0.01
0.01
0.01
0.01
0.01
0.01
0.01
0.01
19.95
1.05
-0.18
-0.42
-0.52
21.13
-0.76
22.74
-0.02
-0.02
-0.02
0.01
0.01
-0.01
-0.02
-0.01
0.01
0.01
-0.01
-0.01
-0.01
-0.01
-0.01
0.01
0.01
0.01
0.01
21.8
-0.01
-0.01
-0.01
0.01
-0.01
-0.01
-0.01
96
-0.01
0.01
0.01
0.01
14.05
-0.01
-0.01
-0.01
-0.01
-0.01
-0.01
-0.01
-0.01
-0.01
0.01
11.23
0.01
-2.5
-3.98
-1.48
-1.76
-1.75
-14.16
-3.61
-2.28
0.96
0.91
2.89
2.43
2.27
2.15
50.71
39.76
30.85
58.48
50.07
17.03
567.93
19.92
49.18
55.05
22.43
1.18
0.92
0.88
2.65
2.17
5.68
92.67
17.11
2.3
0.01
2.33