14.8
0.01
0.01
0.01
0.01
-0.01
-0.01
14.1
12.73
7.68
1.88
0.24
-0.01
0.01
0.01
-0.01
-0.01
-0.01
4.13
4.61
-127.98
14.78
22.73
5.39
6.1
13.22
9.21
1.28
2.94
5.85
0.01
8.11
16.81
13.9
9.37
-0.01
-0.38
-0.01
0.01
0.01
42.74
0.01
-0.01
-0.01
-0.01
8.25
14.1
1.66
28.45
14.55
17.07
8.7
6.59
4.09
13.15
14.92
0.96
7.02
7.85
7.77
0.64
0.02
7.05
0.01
4.34
7.68
8.92
11.59
0.01
15.81
15.94
8.67
18.55
11.71
0.01
0.01
3.62
1.68
10.72
0.02
3.04
16.4
10.47
6.14
1.5
6.84
0.01
8.47
6.27
3.67
2.1
18.54
11.72
0.02
0.01
2.52
0.02
0.02
0.01
0.48
0.01
0.01
0.04
0.01
8.43
8.07
5.4
8.1
7.77
3.95
11.2
8.36
9.28
37.62
57.07
0.01
0.01
0.01
0.01
0.03
37.47
20.56
0.04
0.02
0.01
0.01
0.02
0.01
0.01
0.01
0.01
0.01
0.01
-0.01
-0.01
-0.01
-0.01
9.87
9.03
175.28
30.11
15.77
0.03
0.01
16.84
17.62
-349.99
-9.42
-8.2
-13.02
-24.37
-1.09
-17.38
0.01
-0.02
-11.69
-23.7
3.98
11.79
6.97
16.07
11.81
-4.78
-12.45
-21.8
-12.48
-29.69
-0.47
9.46
9.66
0.01
-174.31
3.16
-3.0
-125.94
-121.47
-0.11
48.46
17.08
0.01
5.25
5.34
1.07
0.59
0.02
2.92
0.03
4.72
-215.52
9.81
241.74
-68.62
4.17
-585.93
1.06
3.61
11.17
1.07
4.46
4.18
5.91
0.01
16.08
0.01
0.01
-174.51
9.18
12.63
4.52
4.45
9.42
5.6
14.13
17.47
21.65
59.16
3.22
0.01
12.84
8.88
8.0
7.3
5.21
0.31
5.0
7.78
1.87
0.01
-1171.92
7.34
8.98
6.58
6.59
0.02
6.72
3.79
5.74
19.33
2.02
12.88
0.02
4.88
1.75
2.78
5.72
11.05
-0.01
0.22
3.87
0.01
0.01
0.01
0.02
5.04
0.01
1.44
4.87
1.54
6.99
10.81
0.01
0.01
3.27
9.52
-719.13
33.06
13.86
0.01
3.24
-1112.22
6.35
17.06
11.41
6.15
3.86
0.01
4.33
29.14
-38.45
0.01
9.91
16.91
25.56
6.5
3.23
-1112.23
6.35
17.07
4.95
0.01
0.53
0.78
2.85
3.2
0.02
0.3
0.01
0.01
0.02
0.25
0.01
0.02
0.01
-0.01
0.01
0.02
0.25
0.01
0.02
0.38
0.01
0.01
17.05
8.42
6.71
0.65
8.34
21.88
0.02
0.24
8.61
0.05
6.67
0.05
2.21
25.54
15.73
-0.01
9.84
1.58
1.38
0.01
-0.02
-0.02
-0.01
-0.01
14.88
0.01
0.01
0.01
0.64
0.01
0.01
0.01
-0.28
-9.05
-9.71
-19.92
-0.01
-0.75
-2.74
-0.01
-0.01
-0.01
0.01
10.61
0.01
-1.02
-6.95
-11.0
0.01
0.01
0.01
0.01
0.01
0.01
-0.01
-0.01
-0.01
-0.01
-0.01
0.01
0.01
6.27
-20.24
-0.02
-0.01
-0.01
-0.01
7.53
0.01
0.01
0.01
2.45
589.18
23.5
6.25
0.01
0.01
0.01
14.78
8.1
9.27
3.83
-0.01
-0.01
0.01
-1.28
-0.01
0.02
0.01
7.0
12.31
16.14
14.76
18.42
4.64
9.83
18.28
0.01
0.01
3.42
2.71
0.95
0.01
-0.01
-0.01
12.06
0.15
12.95
11.96
15.62
19.21
0.02
0.32
15.85
4.68
0.02
0.01
8.75
12.14
9.2
17.54
0.02
0.01
0.01
4.09
3.15
8.94
6.62
11.22
0.4
10.13
-0.01
17.41
43.73
11.86
5.35
15.59
-27.17
13.93
10.02
-1152.16
0.02
17.67
0.01
0.02
0.01
8.88
6.29
5.9
4.39
-113.74
-0.7
5.63
4.14
10.54
27.81
27.94
11.57
10.76
30.66
-0.01
12.76
20.16
8.53
606.35
-2.47
7.68
-8.3
10.26
5.4
23.35
1.31
0.26
0.01
11.09
11.91
7.23
10.11
12.09
12.45
11.86
11.63
14.67
20.45
4.68
5.68
0.01
0.01
0.01
0.01
8.78
10.15
3.73
1.52
4.44
0.01
5.01
14.45
12.03
11.3
15.59
15.79
13.04
14.89
8.86
12.41
3.07
0.01
4.1
0.71
1.57
0.01
1.03
6.71
14.23
14.1
80.06
0.01
1.65
1.51
2.49
12.12
1.79
0.01
0.01
12.29
-0.01
0.01
-0.01
-0.01
0.01
0.01
0.01
21.82
0.24
10.53
8.0
30.99
2.44
12.28
5.39
0.01
6.79
2.63
-27.25
-30.66
1.25
-0.01
-0.01
-0.01
-0.01
8.17
2.84
6.79
2.63
0.02
0.07
0.01
5.97
0.45
2.24
5.11
4.54
0.39
51.37
-0.01
-0.01
-0.01
-32.12
-0.01
0.01
-43.73
0.01
-0.01
-0.01
0.01
0.01
0.01
8.87
2.97
-27.92
-26.76
-6.01
9.27
-0.46
-0.46
-0.81
-0.93
11.42
8.28
0.01
4.21
9.72
7.81
0.49
-0.01
8.99
6.69
-0.01
0.01
6.78
6.1
6.2
0.01
6.3
2.94
10.39
9.87
7.4
2.71
3.59
6.89
6.53
4.14
0.03
-0.75
-0.69
-0.56
-0.05
-0.49
0.71
12.44
-0.01
6.53
4.14
12.44
-0.01
-0.01
-0.01
-0.01
-0.01
-0.01
1.28
0.8
5.82
0.8
0.05
20.4
0.81
0.01
0.01
17.84
10.91
0.01
3.26
0.13
17.14
-0.02
19.79
17.45
-0.01
4.26
10.91
12.2
-0.01
17.99
24.0
0.81
-0.01
18.0
4.62
0.75
-0.01
-0.01
-0.01
-0.01
19.45
-350.0
3.16
11.44
4.81
19.36
7.75
19.83
7.06
19.82
-0.01
-0.01
-0.01
-0.01
-0.01
19.81
12.18
19.45
5.99
4.58
-0.01
-0.01
-0.01
0.01
47.3
12.61
0.02
4.59
-0.09
55.52
15.5
0.88
0.66
0.91
0.01
4.7
4.74
0.02
4.85
0.01
-0.01
1.64
-0.01
-0.01
-0.01
0.01
0.01
6.27
-20.24
-0.02
-0.01
-0.01
-0.01
7.53
0.01
0.01
0.01
2.45
589.18
23.5
6.25
0.01
0.01
0.01
14.78
8.1
9.27
3.83
-0.01
-0.01