25.26
22.95
18.8
17.25
21.77
5.7
2.24
23.23
22.76
19.64
16.65
15.26
16.62
10.2
15.2
15.16
16.27
16.08
15.38
15.36
14.61
17.46
2.33
2.69
2.69
6.25
6.23
22.37
2.73
-10.93
-22.13
-1.61
17.46
2.19
2.62
2.63
18.41
18.47
18.95
18.91
4.35
4.71
15.88
19.01
20.5
76.04
15.42
11.18
8.77
8.69
5.2
5.18
1.7
-22.69
-10.62
0.55
4.21
15.08
16.95
21.98
28.67
20.03
33
36.65
32.76
155.41
53.23
5.03
26.17
52.16
20.01
5.14
26.39
16.21
20.72
11.16
11.18
14.69
10.86
16.48
19.48
22.88
19.44
20.13
33.96
26.64
26.03
26.55
30.49
24.96
22.71
17.04
20.87
16.49
16.37
16.37
25.49
23.23
13.79
11.29
8.85
11.23
13.43
5.12
13.6
9.12
13.57
15.74
17.92
15.65
18.04
18.73
18.79
21
22.93
23.15
23.26
23.23
22.24
20.08
-10.74
17.12
20.48
5.69
11.4
17.09
11.26
5.09
2.25
5.12
14.55
19.17
19.21
19.11
19.05
20.32
20.86
20.74
20.64
20.66
19.42
18.93
17.3
18.71
13.53
11.15
13.21
5.54
5.46
2.2
5.52
18.32
19.66
21.05
24.03
20.64
22.46
24.18
24.27
19.45
19.25
19.31
21.47
37.39
54.66
25.45
20.44
16.84
18
18.04
11
10.9
10.98
13.51
2.2
18.56
20.31
19.61
22.68
18.07
17.9
18.71
19.54
28.73
37.34
33.92
38.23
37.98
45.39
89.93
34.37
22.15
20.71
14.11
13.66
15.51
5.85
14.11
10.3
17.47
24.17
28.2
42.25
24.62
23.61
36.98
36.98
29.49
24.56
24.38
36.64
23.97
21.61
24.06
22.51
19.39
20.66
49.05
14.92
14.88
14.88
14.45
3.8
14.49
12.71
19.75
18.87
17.69
19.64
18.53
19.44
18.86
13.54
19.36
17.02
18.2
55.05
25.52
25.33
21.17
18.44
24.52
21.03
11.18
12.59
6.65
12.47
22.53
25.24
47.65
41.02
40.68
20.65
24.83
20.58
35.4
21.14
26.55
35.28
20.93
20.14
25.93
23.88
20.8
11.21
20.3
20.43
19.75
20.38
11.37
19.22
11.19
13.56
21.84
22.24
28.99
30.46
27.6
24.36
22.93
22.07
23.38
23.29
21.84
20.23
21.9
22.04
25.18
15.85
23.49
13.67
13.58
19.38
14.53
13.66
5.09
12.19
18.76
16.99
14.06
15.5
15.44
12.71
8.07
12.67
13.86
12.73
16.88
19.71
20.91
20.45
20.29
-27.16
23.48
15.5
19.33
10.41
28.97
20.27
36.55
27.63
70.79
42.89
66.84
278.37
23.35
15.08
18.7
18.99
23.59
23.6
24.37
26.18
28.95
27.6
23.58
21.99
20.67
27.01
20.64
-20.52
10.64
-6.6
2.55
70.4
23.78
23.8
19.62
27.14
96.56
38.71
37.94
70.07
71.36
175.31
67.06
28.74
25.85
23.04
16.39
19.57
16.89
22.14
19.48
-15.51
14.76
-11
16.62
20.81
20.59
16.52
28.06
24.06
38.7
42.42
45.87
32.9
36.05
22.6
20.29
18.07
76.22
28.18
14.74
16.3
20.57
16.3
12.66
19.56
-10.63
12.02
22.27
23.53
70.7
23.32
22.4
23.85
24.41
192.65
24.41
23.91
36.18
22.91
23
23.99
35.55
40.39
16.8
21.85
18.48
12.82
19.29
2.84
-10.75
-10.69
19.94
22.72
22.66
22.43
22.99
22.41
20.9
18.63
16.52
21.08
19.41
18.56
18.87
21.24
19.35
16.42
16.34
16.3
2.59
17.32
3.74
23.77
17.88
1.43
2.63
3.85
12.12
16.42
17.04
22.61
22.55
22.47
22.64
20.48
21.4
22.93
22.98
22.95
210.46
19.8
17.47
7.13
23.95
1.19
22.29
-19.32
6.9
-15.44
12.18
11.49
20.32
20.71
16.49
16.25
16.25
16.22
16.28
20.62
30.22
24.98
31.87
25.81
30.26
27.72
16.23
19.99
19.9
20.02
19.48
20.02
17.17
2.26
22.12
23.31
22.86
26.86
16.39
13.02
22.21
38.96
28.44
133.52
74.14
585.3
45.94
23.31
32.28
25.58
19.95
22.15
21.91
2.32
21.91
2.3
-11.5
-10.84
16.37
17.55
23.35
16.55
0.29
21.08
14
16.5
16.55
12.74
16.59
22.79
24.57
24.5
43.54
13.57
25.62
29.2
35.11
32.08
30.15
27.13
25.01
2.8
13.03
13.24
14.77
25.15
34.48
21.51
28.61
36.89
38.23
32.76
17.29
25.81
40.33
29.41
31.97
20.68
20.64
-10.99
32.47
35.74
51.48
37.39
34.36
22.24
22.52
16.85
14.78
20.06
24.51
23.77
24.7
22.21
21.31
16.43
14.7
16.07
14.82
14.71
16.34
14.67
1.52
4.84
22.86
0.53
19.81
-10.86
20.58
1.51
-15.43
2.71
7.25
14.69
20.64
23.35
20.18
14.87
14.88
11.04
18.46
20.49
22.92
23.02
25.25
23.05
17.04
18.74
18.35
18.95
19.05
16.33
2.48
0.83
14.73
22.98
19.49
16.93
11.14
24.54
32.91
41.85
41.78
46.68
81.52
334.1
108.71
52.8
288.93
48.18
37.55
39.12
35.87
31.13
23.16
23.88
32.5
11.45
22.54
24.45
41.69
52.38
65.9
40.94
76
44.01
41.51
52.47
50.85
46.79
42.25
40.02
32.84
24.87
33.75
39.43
25.16
28.74
14.58
14.59
14.87
12.14
17.83
24.12
39.69
39.93
24.01
25.79
24.56
51.71
24.24
39.9
35.34
27.34
44.37
39.29
27.6
38.89
24.18
31.34
28.68
18.97
16.33
16.4
10.82
11.52
19.46
23.44
38.76
39.26
23.56
25.35
31.88
50.64
24.79
39.08
34.54
26.6
57.25
38.23
26.78
41.87
26.18
19.9
13.62
13.2
15
5.67
13.65
9.99
16.96
23.58
27.77
41.84
24.48
23.61
36.84
36.77
29.29
24.23
24.07
36.01
23.58
21.22
23.64
22.03
17.76
16.74
16.39
19.57
16.89
22.14
19.48
-15.51
14.76
-11
16.62
20.81
20.59
16.52
28.06
24.06
38.7
42.42
45.87
32.9
36.05
22.6
20.29
18.07
76.22
28.18
14.74
16.3
20.57
16.3
12.66