12.55
5.85
0.02
0.02
0.03
0.09
14.54
104.47
15.04
13.3
565.6
1064.62
2.7
0.02
1.71
0.01
2.92
73.05
178.77
333.29
0.14
3377.26
30.63
45.93
1185.38
317.12
1064.62
81.58
79.36
0.01
1.39
-0.01
-0.01
141.39
180.79
167.7
261.76
156.61
152.49
113.06
3751.82
61.11
32.63
4152.7
106.43
1064.62
113.44
118.56
0.01
0.01
30.67
0.05
18.24
6.15
16.84
15.37
13.6
12.52
16.89
17.09
16.99
15.34
16.91
16.41
14.29
11.36
10.01
14.54
16.03
0.01
4.86
13.39
0.01
8.17
17.48
11.81
24.1
15.17
0.01
-0.01
0.01
0.98
0.01
0.01
0.01
0.01
11.12
18.14
18.33
2.43
0.47
4.52
0.74
0.65
2.81
2.05
0.01
28.81
25.08
25.78
0.01
5.97
4.24
-0.01
-0.01
-0.01
2179.1
9.96
66.18
354.53
61.91
39.19
590.04
45.18
54.09
178.69
189.23
1.02
10.49
18.38
0.01
0.01
0.27
5.94
3.95
3.44
1.78
0.55
2.08
5.01
1.19
-0.01
-0.01
-0.01
0.01
1.46
3.15
2.23
2.18
0.29
0.26
1.47
0.19
2.59
296.56
-0.01
-0.01
27.48
1.4
17.27
11.57
13.02
12.6
-163.35
-568.11
16.23
8.26
22.47
30.09
9.52
29.65
26.88
2.11
-0.01
-0.01
-0.01
43.54
15.0
-0.01
-0.01
-0.01
12.87
11.28
28.78
25.29
25.52
0.01
0.01
0.01
26.81
26.62
29.33
32.19
13.56
0.02
0.88
7.08
29.76
25.32
24.66
26.81
26.61
4.13
2.0
0.01
0.01
0.01
-0.01
0.02
15.71
4.56
75.43
61.49
533.65
108.66
92.99
84.82
81.02
49.61
30.0
17.57
22.03
3.53
0.02
-174.54
8.86
23.19
57.32
3.4
-0.01
-0.01
6.03
4.17
18.26
15.61
12.63
-0.01
28.56
12.3
20.22
15.54
0.01
0.01
0.01
52.07
53.53
55.61
17.65
20.44
22.71
0.03
0.01
0.01
0.79
-0.01
-0.01
2.5
10.54
4.05
-0.01
-0.01
0.03
-0.01
-0.08
1.34
10.83
3.98
-0.03
18.73
16.17
6.57
15.74
4.86
6.21
52.99
44.81
72.81
70.29
31.48
29.99
2.94
16.85
96.67
686.53
0.01
45.39
137.8
139.62
52.98
47.74
65.83
70.52
29.39
27.39
2.71
23.09
57.27
0.01
12.7
7.7
6.01
0.01
4.19
7.18
-0.29
-0.49
-0.42
0.01
0.01
-0.01
-0.09
-0.01
-29.88
-32.09
-0.4
-0.07
-0.01
122.75
0.91
1.38
0.93
15.89
-14.03
37.22
29.84
13.77
7.22
37.2
27.18
0.01
10.06
1.08
8.72
4.44
-0.06
1.17
0.01
-0.07
-0.02
19.51
29.12
13.89
8.65
24.25
2.58
4.56
4.03
1.22
10.13
4.66
20.65
9.68
0.95
3.32
1.63
4.66
20.65
9.68
4.03
1.22
10.13
4.03
1.22
10.14
0.59
21.06
0.05
0.59
21.06
10.75
1.23
10.98
13.6
11.96
16.95
17.15
16.67
175.42
6.94
54.03
14.45
16.61
24.03
5.08
7.84
13.3
11.27
20.17
1.19
176.08
14.48
7.91
8.14
11.83
0.01
20.17
14.07
20.53
0.01
0.01
0.01
-345.2
7.43
8.76
10.76
8.46
7.22
21.24
17.45
0.03
8.14
13.67
0.01
23.73
9.05
3.23
1.04
3.66
0.01
3.73
15.75
3.14
3.91
4.84
9.09
4.24
7.88
-27.05
-0.01
-0.01
3.73
15.76
3.13
3.92
4.85
9.1
4.25
7.89
4.69
5.68
0.01
13.75
0.01
1.55
1.65
0.01
-0.01
-0.01
-585.92
1.74
1.57
1.78
-0.01
19.38
4.64
0.17
0.01
1.58
1.73
0.01
1.93
0.13
0.46
0.04
1.55
1.65
0.01
-0.01
-0.01
8.71
0.01
0.01
10.73
-0.01
-0.01
-0.01
-0.01
-0.01
0.01
0.01
-0.01
-0.01
-0.01
-0.01
-0.01
17.23
0.01
-0.01
-0.01
5.34
20.55
18.39
16.6
-0.01
-0.01
3.05
7.46
8.8
0.01
9.37
13.69
14.82
16.08
18.39
16.59
-172.79
3.02
4.89
6.43
11.73
9.75
16.5
16.93
3.28
0.01
21.44
0.01
0.01
0.01
0.01
0.01
0.01
3.62
6.4
4.04
6.88
-0.01
14.1
0.02
9.13
18.12
14.12
19.05
21.42
5.28
6.11
0.01
4.08
19.57
10.04
4.48
0.01
33.55
33.55
67.43
63.21
62.48
28.46
29.77
26.08
45.29
21.64
21.28
3.93
61.75
0.01
27.31
48.86
67.43
63.14
53.01
28.5
70.18
28.07
18.47
23.63
23.89
28.71
65.14
101.65
70.48
135.39
77.26
119.71
115.35
0.03
0.01
7.91
0.03
13.95
2.42
0.01
2.61
5.42
9.35
69.97
1.81
5.4
3.25
3.43
6.58
1.41
4.93
6.42
0.01
1.89
0.93
1.93
8.53
1.51
1.29
3.96
3.17
0.15
2.75
5.37
0.05
4.02
0.01
0.01
0.01
17.21
22.95
6.77
0.18
70.12
17.33
25.37
3.17
3.5
3.83
16.34
20.92
22.91
19.0
17.31
176.06
21.13
16.55
17.53
23.42
23.89
3.78
9.67
0.01
4.34
18.97
19.93
16.71
1.13
17.79
23.74
18.19
25.34
16.43
16.51
4.74
1.0
186.35
17.26
0.01
0.01
6.35
7.0
34.5
16.71
0.01
14.17
4.26
17.34
17.5
6.34
10.21
0.01
0.01
0.02
16.44
8.58
19.97
41.63
17.22
30.44
0.01
0.01
0.01
0.01
19.89
0.01
15.4
17.62
5.24
18.21
596.74
15.46
16.72
14.64
0.01
0.01
0.01
1.13
8.58
0.01
1.52
21.56
14.64
4.35
4.1
3.93
0.01
3.13
3.05
1.41
0.01
1.01
18.81
16.39
4.66
20.65
9.68
4.03
1.22
10.13
4.03
1.22
10.14
0.59
21.06
0.05
0.59
21.06
10.75
1.23
10.98
13.6
11.96
16.95
17.15
16.67
175.42
6.94
54.03
14.45
16.61
24.03
5.08
7.84
13.3
11.27
20.17
1.19
176.08
14.48
7.91
8.14
11.83
0.01
20.17
14.07
20.53
0.01
0.01
0.01
-345.2
7.43
8.76
10.76
8.46
7.22
21.24
17.45
0.03
8.14
13.67
0.01
23.73
9.05
3.23
1.04
3.66
0.01
3.73
15.75
3.14
3.91
4.84
9.09
4.24
7.88
-27.05
-0.01
-0.01
3.73
15.76
3.13