31.64
33.17
29.04
29.44
30.84
36.11
45.51
78.92
59.12
77.77
93.9
49.63
49.42
36.56
34.71
31.93
37.42
112.42
234.41
110.93
61.04
68.63
46.63
41.93
48.26
36.03
45.03
40.24
38.86
37.88
42
104.89
61.19
107.83
184.76
80.62
63.68
48.64
36.34
33.21
37.99
110.46
290.85
118.59
124.22
54.4
78.22
40.66
43.46
40.44
39.97
34.85
45.76
53.08
44.43
58.32
58.68
65.16
66.35
65.37
61.3
61.2
55.34
51.86
52.46
65.39
83.53
84.1
76.61
80.5
71.69
62.2
125.09
66.02
64.25
64.03
94.42
55.65
102.58
97.66
99.51
76.37
77.04
91.64
74.44
69
59.9
54.93
53.85
59.18
79.44
85.74
82
85.39
87.44
66.24
53.57
57.27
56.25
49.54
48.81
57.59
54.2
62.9
94.3
77.85
42.92
40.65
36.39
30.01
21.3
16.07
27.18
30.17
35.32
39.72
51.14
44.67
52.72
55.57
60.2
67
66.75
50.18
35.77
44.11
35.07
38.57
38.98
40.3
27.73
17.99
23.68
23.27
22.13
21.73
21.34
22.35
26.68
32.15
25.84
29.8
26.26
26.37
23.55
24.77
29.26
80.18
23.17
43.4
45.23
35.14
34.09
25.29
25.35
25.14
25.45
23.8
23.84
24.3
24.05
65.17
34.34
28.16
25.03
25.15
23.66
22.06
22.42
22.08
21.52
21.48
22.78
22.56
24.93
29.89
37.09
31.38
74.94
80.37
28.04
30.27
29.84
26.71
26.79
36.9
43.04
30.48
31.23
29.01
23.93
22.78
23.25
22.75
23.75
23.78
23.33
23.71
33.36
81.1
30.19
31.17
39.88
27.94
27.95
25.77
24.38
23.65
25.43
34.36
29.26
38.02
25.5
24.32
22.44
22.19
21.21
21.07
21.19
22.09
21.96
21.07
22
23.6
23.74
23.5
23.63
22.97
23
23.03
23.43
22.69
24.75
30.81
27.31
30.15
25.4
24.47
22.61
21.81
28.76
28.08
26.76
27.42
28.11
33.64
43.37
62.27
48.79
58.17
72.72
49.32
48.31
36.26
34.2
31.33
36.89
110.46
218.22
102.97
58.45
66.43
45.46
40.16
43.07
33.72
41.46
36.83
35.38
34.49
38.55
96.66
56.87
68.8
117.06
74.65
58.99
44.42
33.27
30.43
33.09
99.98
265.62
107.87
106.08
48.8
71.4
36.28
37.68
34.17
34.46
31.75
38.47
46.33
41.18
53.33
54.18
60.43
62.12
61.56
58.46
59.16
56.32
56.11
61.81
65.11
72.66
81.21
73.85
71.8
67.98
54.25
116.32
57.93
54.83
54.82
83.35
52.49
87.16
95.04
92.96
70.63
74.51
69.22
66.5
77.57
62.05
59.98
56.23
65.95
72.58
74.4
78.01
76.25
76.43
62.83
91.84
86.05
63.95
55.94
46.33
54.31
49.35
59.46
66.92
78.1
52.09
50.92
47.61
41.74
30.08
21.47
28.85
38.5
35.11
44.86
89.3
63.66
60.93
44.04
45.84
83.66
98.02
72.94
35.35
41.86
44.68
35.17
38.95
37.02
33.26
23.2
24.3
16.02
18.21
14.14
15.91
16.03
20.63
11.72
21.98
14.39
16.85
13.04
22.28
16.93
19.73
37.94
16.6
24.14
20.98
21.36
25.39
21.9
22.62
23.38
23.77
22.3
22.42
22.83
22.57
60.98
32.02
26.34
23.24
23.15
21.75
20.08
19.51
19.6
19.76
19.61
19.93
20.41
22.72
27.79
34.75
29.49
70.2
78.51
26.07
27.28
26.87
24.82
25.13
34.6
40.52
28.59
28.92
26.52
21.6
20.87
9.69
14.32
16.63
15.21
13.71
14.02
18.49
34.9
12.48
0.41
11.11
14.54
13.56
15.8
16.47
17.43
11.85
0.96
17.66
8.71
15.81
17.28
17.5
15.03
14.55
15.24
17.64
16.08
16.19
16.28
17.38
21.64
21.75
19.81
16.59
18.57
20.12
21.05
21.6
21.01
23
28.82
25.79
28.55
23.84
22.85
20.95
20.02
33.56
38.17
33.23
31.84
33.32
42.27
55.1
72.77
61.56
68.6
83.74
62.42
62.58
44.65
41.74
36.95
45.4
141.76
313.3
129.19
73.04
83.45
55.53
47.52
55.85
48.42
57.62
52.43
50.67
49.37
54.53
120.42
77.52
70.53
107.06
89.35
71.87
55.4
42.77
41.76
91.75
135.57
343.25
131.21
128.22
64.64
86.14
42.56
44.9
39.35
42.94
38.52
39.01
52.32
47.66
61.2
59.31
64.97
66.78
66.53
63.12
64.1
62.82
64.46
83.71
124.54
107.93
88.9
80.83
78.36
73.43
58.57
123.85
59.76
60
73.05
91.85
59.49
98.13
138.05
137.61
106.54
96.07
160.2
105.6
111.88
96.84
82.08
70.5
83.15
108.59
118.47
95.02
110.84
117.41
81.35
136.65
114.11
78.23
65.76
49.54
57.96
58.9
65.5
155.64
107.16
67.04
76.67
73.17
60.47
47.44
38.67
40.65
49.62
50.06
56.4
121.54
95.51
95.3
54.85
50.72
106.41
132.95
96.98
39.41
45.49
57.16
38
44.68
40.11
41.52
29.79
27.79
16.49
19.98
15.17
17.34
18.53
30.71
8.54
22.48
10.78
16.69
10.74
22.69
18.39
17.05
13.34
17.16
13.43
8.23
14.19
22.16
22.47
23.22
24.42
24.9
23.44
23.6
24.03
23.83
64.89
34.21
28.14
24.81
24.9
23.27
21.43
20.18
20.37
21.16
21.05
20.63
21.64
24.06
30.17
38
32.31
76.87
94.13
31.11
35.47
29.79
28.47
27.79
38.43
45.36
32.03
32.04
29.11
21.62
22.32
9.06
14.53
16.99
16.02
14.29
14.64
16
19.04
30.99
24.9
44.72
33.45
23.79
26.44
43.9
40.29
33.51
-1.43
17.88
6.17
16.54
18.09
18.08
12.23
14.66
15.59
17.28
13.4
14.08
16.81
18.11
23.1
23.08
20.68
17.03
19.51
21.24
22.23
22.81
22.2
24.33
30.57
27.74
30.51
25.29
24.07
21.94
20.81
29.56
29.17
27.66
28.34
29.04
34.72
44.59
58.28
46.7
52.54
66.33
50.14
49.81
36.77
34.68
31.73
37.43
115.33
232.88
105.28
59.83
68.32
46.72
41.36