20.54
19.44
17.34
15.02
15.61
12.41
18.06
22.59
22.84
26.25
28.28
29.9
46.65
46.68
36.28
98.46
114.52
43.25
30.93
28.53
27.35
25.83
25.54
22.1
21.51
20.76
20.32
19.86
19.76
19.78
20.61
21.71
24.07
31.01
37.93
33.46
41.49
37.44
63.59
39.86
79.52
42.81
33.06
29.57
35.37
26.21
24.73
23.76
21.4
20.57
20.04
19.02
18.74
18.8
19.28
20.8
23.1
25.22
28.16
46.66
41.62
31.37
42.04
43.27
58.98
44.57
29.49
27.52
27.99
25.58
25.51
22.27
20.59
20.02
19.7
19.17
19.51
20.14
21.44
22.86
24.86
27.9
29.93
34.05
31.5
33.51
31.96
36.21
41.98
34.11
50.16
30.7
31.5
26.47
23.62
22.61
20.57
19.13
18.31
18.14
18.64
20.11
21.09
22.68
23.15
24.8
27.93
30.15
40.42
30.79
51.36
38.57
35.27
43.31
48.52
35.71
36.2
26.53
24.13
23.65
20.52
18.29
17.68
17.54
18.5
20.16
21.03
22.53
27.04
28.7
28.95
28.81
29.24
33.53
38.09
34.17
30.4
27.71
26.92
27.08
25.39
24.27
23.24
21.99
20.26
19.42
19.66
19.41
19.3
19.45
20.43
21.66
23.54
25.2
25.92
27.33
27
27.73
27.63
28.94
36.19
41.48
33.29
31.28
25.75
24.82
22.39
21.24
19.88
18.87
17.69
16.66
15.86
12.71
17.32
19.83
21.29
23.54
24.19
26.18
28.57
27.55
26.48
26.55
26.79
27.68
26.44
25.49
24.85
23.34
22.08
20.75
18.92
18.29
17.27
18.24
19.27
20.51
20.83
22.42
22.88
24.03
25
27.5
29.46
31.19
30.95
30.64
35.43
280.06
29.22
53.91
29.78
25.44
23.65
22.93
21.21
20.59
19.56
18.83
18.68
18.18
19.24
21.01
24.46
25.77
25.99
27.46
53.2
38.88
55.16
42.12
72.34
65.08
52.87
40.36
28.07
25.07
22.85
21.99
21.5
20.89
19.84
19.06
18.91
18.41
19.46
21.22
24.71
26.07
26.16
27.32
52.57
38.69
54.44
41.6
73.32
71.8
60.07
44.33
27.54
24.9
23.07
22.24
20.73
19.65
17.52
15.17
15.77
12.55
18.25
22.77
23.05
26.48
28.27
29.42
46.16
46.68
35.77
98.34
146.6
45.85
30.13
28.02
26.86
25.68
25.52
22.32
21.83
21.05
20.6
20.12
20.02
20.06
20.9
21.99
24.37
32.54
40.41
33.3
40.36
36.7
65.41
38.3
76.11
41.18
31.95
28.97
38.07
26.41
24.83
24.14
21.87
21.01
20.41
19.39
19.11
19.13
19.61
21.15
23.51
25.71
28.53
46.67
41.08
31.32
43.55
42.76
57.48
43.68
28.91
27.19
27.75
25.82
26.1
22.76
21.01
20.43
20.09
19.53
19.87
20.53
21.89
23.41
25.46
28.06
29.78
33.52
31.01
33.12
31.69
36.02
41.68
33.77
49.46
30.12
31.3
26.38
24.03
23.44
21.31
19.84
18.93
18.74
19.22
20.74
21.7
23.34
23.88
25.38
28.15
30.18
39.1
30.12
51.35
37.89
34.47
42.36
47.36
35.26
35.7
26.66
24.47
23.81
20.65
18.49
17.82
17.68
18.59
20.22
21.09
22.53
26.53
27.72
28.16
28.24
28.68
32.97
37.53
33.76
30.04
27.35
26.76
26.91
25.31
24.41
23.47
22.24
20.63
19.85
20.03
19.75
19.62
19.75
20.72
21.97
23.93
25.67
26.31
27.51
27.18
27.7
27.39
28.68
35.69
40.81
32.93
30.97
25.86
25.34
23.04
21.85
20.39
19.31
18.12
17.05
16.23
12.99
17.64
20.21
21.77
24.08
24.59
26.15
28.48
27.46
26.5
26.58
26.8
27.63
26.35
25.36
24.71
23.53
22.63
21.2
21.5
20.89
19.84
19.06
18.91
18.41
19.46
21.22
24.71
26.07
26.16
27.32
52.57
38.69
54.44
41.6
73.32
71.8
60.07
44.33
27.54
24.9
23.06
22.24
20.73
19.65
17.52
15.17
15.77
12.55
18.25
22.77
23.05
26.48
28.27
29.42
46.16
46.68
35.77
98.34
146.6
45.85
30.13
28.02
26.86
25.67
25.52
22.31
21.83
21.05
20.6
20.12
20.02
20.06
20.9
21.99
24.37
32.54
40.41
33.3
40.36
36.7
65.41
38.3
76.11
41.18
31.95
28.97
38.07
26.41
24.82
24.14
21.87
21.01
20.41
19.39
19.11
19.13
19.61
21.15
23.51
25.71
28.53
46.67
41.08
31.32
43.55
42.76
57.48
43.68
28.91
27.19
27.75
25.81
26.1
22.76
21.01
20.43
20.09
19.53
19.87
20.53
21.89
23.41
25.47
28.06
29.78
33.52
31.01
33.12
31.69
36.02
41.68
33.77
49.46
30.12
31.3
26.38
24
23.44
21.31
19.84
18.93
18.74
19.22
20.74
21.7
23.34
23.88
25.38
28.15
30.18
39.1
30.12
51.35
37.89
34.47
42.36
47.36
35.26
35.7
26.66
24.47
23.81
20.65
18.49
17.82
17.68
18.59
20.21
21.09
22.53
26.53
27.72
28.16
28.24
28.68
32.97
37.53
33.76
30.04
27.35
26.76
26.91
25.31
24.41
23.47
22.24
20.64
19.85
20.03
19.75
19.62
19.75
20.72
21.97
23.92
25.67
26.31
27.51
27.18
27.7
27.39
28.68
35.69
40.81
32.93
30.97
25.87
25.35
23.04
21.85
20.39
19.31
18.12
17.05
16.23
12.99
17.64
20.21
21.77
24.08
24.59
26.15
28.48
27.46
26.5
26.58
26.8
27.63
26.35
25.36
24.71
23.53
22.63
21.2
19.27
18.62
17.57
18.53
19.56
20.84
21.14
22.74
23.21
24.32
24.92
27.11
28.72
30.31
30.08
29.74
34.14
272.5
28.48
52.82
29.26
25.46
24.64
23.69
35.26
35.7
26.66
24.47
23.81
20.65
18.49
17.82
17.68
18.59
20.22
21.09
22.53
26.53
27.72
28.16
28.24
28.68
32.97
37.53
33.76
30.04
27.35
26.76
26.91
25.31
24.41
23.47
22.24
20.63
19.85
20.03
19.75
19.62
19.75
20.72
21.97
23.93
25.67
26.31
27.51
27.18
27.7
27.39
28.68
35.69
40.81
32.93
30.97
25.86
25.34
23.04
21.85
20.39