11.21
11.3
6.42
8.51
9.32
8.71
14.78
17.31
20.13
19.39
20.38
20.22
20.19
19.32
20.05
20.26
21.78
21.67
25.03
21.97
19.64
19.1
14.85
15.39
13.21
7.19
13.95
16.32
17.56
21.49
23.64
22.32
25.53
24.93
24.62
26.08
27.04
27.77
32.68
28.9
31.16
34.13
32.43
30.68
24.49
22.33
19.98
18.47
17.57
17.51
16.95
18.21
19.41
22.4
23.44
23.26
25.71
24.78
23.91
23.59
25.37
20.05
20.87
26.14
28.13
40.1
179.64
37.66
125.45
23.61
21.73
14.79
17.63
18.28
17.99
17.99
18.3
20.31
30.16
23.33
21.16
20.36
22.89
25.09
28.52
24.03
22.84
20.78
16.75
26.43
25.95
27.27
25.86
23.45
21.26
19.5
19.29
19.04
18.74
18.69
18.96
12.9
29.58
41.44
36.08
29.51
34.92
26.86
29.96
32.35
28.73
41.85
33.23
26.42
37.6
30.42
32.34
27.58
24.36
21.8
20.18
19.73
19.49
19.25
19.36
21.15
25.13
24.51
24.46
25.61
29.97
27.81
26.4
23.44
25.02
27.37
26.72
26.09
27.05
27.1
27.17
28.22
21.78
20.4
21.41
21.15
21.55
20.95
19.71
19.42
20.12
23.17
25.82
36.04
42.9
26.6
29.2
27.7
19.45
19.8
21.99
46.02
36.04
23.64
25.79
14.83
11.71
10.01
16.12
18.26
17.83
17.23
17.06
17.7
17.98
18.53
20.41
20.86
34.47
21.42
24.55
26.44
23.56
20.63
27.82
27.6
23.92
26.66
22.91
18.96
19.65
18.91
18.15
17.64
17.38
16.77
19.68
11.94
21.87
17.73
20.59
33.5
30.45
41.56
42.32
47.44
56.02
51.37
51.05
46.23
50.63
33.97
36.53
32.69
20.66
20.2
19.79
19.65
18.98
18.7
18.81
16.45
25.14
25.27
20.82
21.34
21.46
17.01
28.63
25.68
31.57
27.22
27
30.93
39.27
28.25
26.63
23.33
22.16
19.19
11.21
11.3
6.42
8.51
9.32
8.71
14.79
17.31
20.13
19.38
20.38
20.22
20.19
19.32
20.05
20.26
21.78
21.67
25.02
21.96
19.64
19.1
14.85
15.39
13.21
7.19
13.95
16.32
17.58
21.5
23.64
22.33
25.52
24.94
24.62
26.07
27.02
27.76
32.67
28.9
31.16
34.13
32.43
30.68
24.49
22.33
19.99
18.47
17.56
17.51
16.94
18.22
19.42
22.42
23.43
23.26
25.71
24.78
23.9
23.59
25.37
20.08
20.87
26.13
28.14
40.09
179.49
37.66
125.45
23.62
21.74
14.79
17.64
18.28
17.99
17.98
18.31
20.32
30.14
23.34
21.16
20.35
22.89
25.09
28.51
24.02
22.83
20.78
16.74
26.44
25.95
27.28
25.84
23.45
21.27
19.49
19.29
19.04
18.74
18.69
18.98
12.9
29.55
41.44
36.1
29.51
34.92
26.86
29.95
32.35
28.73
41.85
33.23
26.4
37.59
30.41
32.34
27.59
24.37
21.8
20.19
19.74
19.49
19.25
19.37
21.15
25.13
24.51
24.45
25.61
29.97
27.81
26.39
23.43
25.02
27.37
26.73
26.09
27.05
27.11
27.16
28.22
21.77
20.4
21.39
21.15
21.54
20.96
19.73
19.43
20.12
23.18
25.81
36.04
42.89
26.6
29.2
27.69
19.45
19.8
21.99
46.03
36.04
23.64
25.78
14.83
11.72
10.01
16.12
18.26
17.83
17.23
17.06
17.71
17.98
18.54
20.41
20.85
34.46
21.41
24.56
26.45
23.55
20.64
27.82
27.6
23.91
26.66
22.92
18.97
19.66
18.91
18.15
17.64
17.38
16.76
19.7
11.92
21.88
17.73
20.59
33.5
30.44
41.54
42.3
47.45
55.99
51.36
51.06
46.22
50.63
33.97
36.53
32.68
20.66
20.2
19.79
19.66
18.99
18.71
18.81
16.44
25.15
25.28
20.81
21.33
21.47
16.95
28.63
25.67
31.57
27.22
27
30.93
39.29
28.25
26.62
23.34
22.16
19.2
-6.05
-22.34
-5.33
9.93
-17.74
-22.73
11.77
1.17
20.93
20.31
21.37
21.27
21.41
20.52
21.25
21.58
22.75
22.77
26.19
22.69
-8.1
-12.25
15.38
15.75
13.33
7.18
13.97
16.46
18.02
22.63
24.61
23.2
26.59
26.44
26.32
27.77
28.53
29.08
33.96
29.88
32.11
34.92
33.04
31.18
23.72
15.34
-22.31
0.11
18.25
18.01
16.94
17.11
16.6
11.82
24.74
24.23
26.75
25.62
23.13
23.95
22
25.59
24
28.42
30.51
39.91
178.75
37.11
128.16
24.25
21.96
19.9
19.62
19.04
18.83
18.99
19.61
22.13
31.93
25.48
27.24
25.51
25.79
26.75
30.16
25.57
23.72
25.35
27.3
28.75
27.65
28.82
27.3
24.68
22.94
20.95
20.82
20.51
20.04
19.98
20.49
30.49
31.93
44.68
39.1
34.02
38.57
28.55
31.75
34.15
30.34
43.69
32.96
27.35
39.48
32.19
34.12
30.41
25.63
22.69
21.25
20.89
20.6
20.43
20.79
24.88
26.83
26.4
26.48
27.69
32.71
30.03
28.74
44.65
28.57
29
31.84
28.9
32.64
28.96
29.03
9.56
9.82
21.34
22.08
5.79
0.3
21.22
20.22
22.68
24
24.56
26.77
37.02
-6.15
-6.22
-27.1
-12.12
-4.62
-20.66
4.13
36.52
16.11
21.97
15.74
27.39
23.19
19.69
17.32
18.98
18.61
18.2
18.12
19.03
19.38
25.5
23.85
24.15
26.13
25.78
26.57
27.86
24.87
26.67
30.54
29.12
29.06
30.69
24.97
23.33
21.66
20.39
19.69
20.17
22.56
25.1
76.28
59.21
26.76
34.6
45.34
40.79
34.6
45.45
47
52.36
65.66
56.27
55.86
50.12
68.59
41.57
38.63
40.25
26.89
21.97
21.04
20.94
20.63
26.45
30.96
42.99
27.32
27.31
51.11
47.25
36.12
51.06
36.48
39.87
34
27.6
27.02
35.15
40.78
29.42
27.86
24.53
23.25
49.86
23.34
22.16
19.2
-6.05
-22.34
-5.33
9.93
-17.74
-22.73
11.77
1.17
20.93
20.31
21.37
21.27
21.41
20.52
21.25
21.58
22.75
22.77
26.19
22.69
-8.1
-12.25
15.38
15.75
13.33
7.18
13.97