5.56
2.79
3.61
0.32
1.44
7.16
12.38
16.87
24.7
24.18
23.02
21.77
22.26
23.34
22.59
23.09
24.03
23.42
26.77
23.94
21.67
20.93
21.56
16.6
13.51
7.2
13.92
17.02
18.64
22.94
25.51
24.28
28.07
27.88
27.75
29.13
29.8
30.5
35.46
31.12
33.39
36.28
34.43
32.8
26
23.74
21.47
20.95
19.29
31.38
25.65
19.7
20.72
24.47
28.2
25.29
27.94
26.94
25.91
26.04
27.46
27.95
29.82
31.19
33.53
42.9
191.55
40.41
134.32
25.63
23.54
20.6
20.2
19.75
19.37
19.29
20.02
22.93
35.46
27.01
28.43
26.73
26.75
27.7
31.19
26.55
25.02
26.08
29.35
29.46
28.02
29.55
28.33
25.45
23.66
21.23
20.99
20.63
20.21
20.12
20.56
25.87
32.79
46.46
40.8
36.79
40.61
29.43
32.56
35.04
31.14
44.97
34.91
28.2
40.64
33.35
35.55
32.88
27.03
23.73
22
21.48
21.16
21.06
21.52
25.23
28.72
28.41
28.46
29.63
34.81
31.44
30.11
35.08
28.56
29.95
29.88
28.81
29.84
29.71
30.14
31.18
23.94
22.13
22.82
22.21
22.49
21.87
20.8
20.94
21.88
24.23
27.74
38.55
46.02
28.67
31.53
30.78
29.21
27.48
26.89
50.11
38.86
25.45
27.47
22.18
21.19
20.29
17.82
19.56
19.05
18.46
18.41
19.38
31.88
27.75
34.88
25.48
29.22
28.93
25.52
27.19
25.53
27.47
30.75
29.44
29.38
30.95
25.57
23.74
22.05
20.84
30
27.35
23.59
20.07
23.54
28.48
25.74
25.72
31.06
36.04
37.1
42.98
42.73
47.16
59.26
49.56
49.61
46.66
47.14
34.64
38.72
33.89
22.94
21.29
21
20.76
16.64
16.34
14.46
23.6
27.79
28.06
31.06
30.25
28.97
33.13
25.24
25.06
27.8
24.61
27.05
29.14
38.86
26.92
27.47
24.55
23.21
21.62
5.23
2.53
3.68
-0.15
1.06
7.45
12.63
16.16
19.93
19.81
20.25
20.81
20.97
20.36
21.22
21.64
23.2
23.16
26.91
23.5
21
20.31
14.36
14.32
13.59
7.24
14.02
17.07
18.55
22.54
25.45
24.23
27.71
27.59
27.43
28.71
29.12
29.83
34.89
30.69
32.94
35.81
33.99
32.6
26.17
24.02
21.64
20.05
18.79
18.51
20.41
19.54
20.79
24.53
25.68
25.29
28.06
27.05
25.68
25.78
27.31
28.04
30.57
32.68
34.23
42.85
190.95
40.16
133.59
25.52
23.67
20.69
20.17
19.63
19.28
19.25
19.99
22.74
35.36
26.98
30.37
28.33
26.75
27.07
30.64
26.17
24.57
25.71
28.95
29.03
27.51
28.88
27.65
25.17
23.42
21.05
20.87
20.51
20.1
20.03
20.49
25.72
32.34
45.56
40.06
34.74
38.91
28.45
31.52
33.92
30.15
43.61
33.91
27.38
39.39
32.21
34.37
31.31
26.36
23.33
21.67
21.14
20.85
20.75
21.19
24.71
28.07
27.71
27.77
28.98
33.75
30.37
29.19
34.02
27.77
29.15
29.13
28.16
29.15
29.18
29.82
30.91
23.77
22.06
22.82
22.17
22.4
21.78
20.72
20.87
21.79
23.98
27.51
38.11
45.47
28.48
31.41
30.79
29.26
27.49
26.96
50
38.71
25.3
27.42
21.84
21.02
20.3
17.76
19.48
18.97
18.4
18.34
19.25
19.64
23.77
30.87
24.61
27.72
27.4
25.33
27.12
25.38
26.99
30.17
28.95
29.02
30.58
25.34
23.6
21.99
20.73
19.88
20.38
18.92
15.84
22.99
28.46
25.42
25.51
30.26
33.81
32.31
43.81
45.06
50.19
62.41
52.91
51.93
47.22
45.95
33.97
37.96
33.42
22.65
21.12
20.84
20.61
16.22
16.02
13.89
23.31
27.66
27.92
30.87
30.17
28.86
32.75
24.72
24.62
27.28
24.26
26.73
28.5
38.16
26.37
27.3
24.51
23.32
21.77
5.23
2.53
3.68
-0.15
1.06
7.45
12.63
16.16
19.93
19.81
20.25
20.81
20.97
20.36
21.22
21.64
23.2
23.16
26.91
23.5
21
20.31
14.36
14.32
13.59
7.24
14.02
17.07
18.55
22.54
25.45
24.23
27.71
27.59
27.43
28.71
29.12
29.83
34.89
30.69
32.94
35.81
33.99
32.6
26.17
24.02
21.64
20.05
18.79
18.51
20.41
19.54
20.79
24.53
25.68
25.29
28.06
27.05
25.68
25.78
27.31
28.04
30.57
32.68
34.23
42.85
190.95
40.16
133.59
25.52
23.67
20.69
20.17
19.63
19.28
19.25
19.99
22.74
35.36
26.98
30.37
28.33
26.75
27.07
30.64
26.17
24.57
25.71
28.95
29.03
27.51
28.88
27.65
25.17
23.42
21.05
20.87
20.51
20.1
20.03
20.49
25.72
32.34
45.56
40.06
34.74
38.91
28.45
31.52
33.92
30.15
43.61
33.91
27.38
39.39
32.21
34.37
31.31
26.36
23.33
21.67
21.14
20.85
20.75
21.19
24.71
28.07
27.71
27.77
28.98
33.75
30.37
29.19
34.02
27.77
29.15
29.13
28.16
29.15
29.18
29.82
30.91
23.77
22.06
22.82
22.17
22.4
21.78
20.72
20.87
21.79
23.98
27.51
38.11
45.47
28.48
31.41
30.79
29.26
27.49
26.96
50
38.71
25.3
27.42
21.84
21.02
20.3
17.76
19.48
18.97
18.4
18.34
19.25
19.64
23.77
30.87
24.61
27.72
27.4
25.33
27.12
25.38
26.99
30.17
28.95
29.02
30.58
25.34
23.6
21.99
20.73
19.88
20.38
18.92
15.84
22.99
28.46
25.42
25.51
30.26
33.81
32.31
43.81
45.06
50.19
62.41
52.91
51.93
47.22
45.95
33.97
37.96
33.42
22.65
21.12
20.84
20.61
16.22
16.02
13.89
23.31
27.66
27.92
30.87
30.17
28.86
32.75
24.72
24.62
27.28
24.26
26.73
28.5
38.16
26.37
27.3
24.51
23.32
21.77