5.23
2.53
3.68
-0.15
1.06
7.45
12.63
16.16
19.93
19.81
20.25
20.81
20.97
20.36
21.22
21.64
23.2
23.16
26.91
23.5
21
20.31
14.36
14.32
13.59
7.24
14.02
17.07
18.55
22.54
25.45
24.23
27.71
27.59
27.43
28.71
29.12
29.83
34.89
30.69
32.94
35.81
33.99
32.6
26.17
24.02
21.64
20.05
18.79
18.51
20.41
19.54
20.79
24.53
25.68
25.29
28.06
27.05
25.68
25.78
27.31
28.04
30.57
32.68
34.23
42.85
190.95
40.16
133.59
25.52
23.67
20.69
20.17
19.63
19.28
19.25
19.99
22.74
35.36
26.98
30.37
28.33
26.75
27.07
30.64
26.17
24.57
25.71
28.95
29.03
27.51
28.88
27.65
25.17
23.42
21.05
20.87
20.51
20.1
20.03
20.49
25.72
32.34
45.56
40.06
34.74
38.91
28.45
31.52
33.92
30.15
43.61
33.91
27.38
39.39
32.21
34.37
31.31
26.36
23.33
21.67
21.14
20.85
20.75
21.19
24.71
28.07
27.71
27.77
28.98
33.75
30.37
29.19
34.02
27.77
29.15
29.13
28.16
29.15
29.18
29.82
30.91
23.77
22.06
22.82
22.17
22.4
21.78
20.72
20.87
21.79
23.98
27.51
38.11
45.47
28.48
31.41
30.79
29.26
27.49
26.96
50
38.71
25.3
27.42
21.84
21.02
20.3
17.76
19.48
18.97
18.4
18.34
19.25
19.64
23.77
30.87
24.61
27.72
27.4
25.33
27.12
25.38
26.99
30.17
28.95
29.02
30.58
25.34
23.6
21.99
20.73
19.88
20.38
18.92
15.84
22.99
28.46
25.42
25.51
30.26
33.81
32.31
43.81
45.06
50.19
62.41
52.91
51.93
47.22
45.95
33.97
37.96
33.42
22.65
21.12
20.84
20.61
16.22
16.02
13.89
23.31
27.66
27.92
30.87
30.17
28.86
32.75
24.72
24.62
27.28
24.26
26.73
28.5
38.16
26.37
27.3
24.51
23.32
21.77
5.51
2.92
3.73
0.28
1.42
7.46
13.22
16.17
19.53
19.53
20.2
20.68
20.86
20.3
21.19
21.6
23.16
23.09
26.78
23.4
21.03
20.36
14.49
14.81
13.47
7.22
14.09
17.2
18.77
23.01
26.04
24.84
28.5
28.3
27.83
28.93
29.78
30.5
35.71
31.38
33.68
36.59
34.79
33.18
26.26
23.97
21.74
20.15
18.95
18.65
17.46
19.28
20.82
24.48
25.69
25.32
28.08
27.02
26.03
26.11
27.68
28.43
30.46
31.93
34.29
43.7
194.71
40.79
136.27
25.78
23.82
20.87
20.29
19.74
19.39
19.37
20.08
22.81
35.87
27.06
30.02
28.22
27.24
27.67
31.37
26.79
25.28
26.41
29.77
29.8
28.2
29.66
28.33
25.3
23.45
21.12
20.84
20.46
20.01
19.93
20.42
25.53
32.45
45.87
40.11
35.88
40.04
29.16
32.32
34.85
31
44.85
34.79
28.09
40.46
33.16
35.24
32.29
26.68
23.48
21.84
21.37
21.06
20.95
21.39
24.94
28.27
27.94
28.01
29.25
34.45
31.32
30.06
35.08
28.56
29.97
29.85
28.8
29.89
29.69
29.99
31.13
23.86
22.08
22.69
22.03
22.26
21.65
20.62
20.81
21.76
24.11
27.67
38.34
45.65
28.47
31.45
30.78
29.22
27.41
26.93
50
38.6
25.31
27.53
22.13
21.05
20.24
17.68
19.37
18.87
18.31
18.26
19.19
19.61
31.56
49.78
25.68
27.36
27.1
25.97
27.6
25.36
27.15
30.93
29.49
29.3
30.99
25.4
23.74
22.03
20.74
20.05
19.78
20.62
24.78
24.49
28.61
25.39
25.47
30.4
33.78
33.28
44.88
46.37
51.68
64.23
53.48
52.3
47.28
46.48
34.18
38
33.61
22.84
21.26
20.97
20.77
16.63
16.29
14.28
23.45
27.78
28.12
31.23
30.24
28.93
33.11
25.14
24.91
27.7
24.58
27.03
29.1
38.85
26.84
27.56
24.67
23.37
21.79
5.38
2.74
3.66
0.08
1.22
7.42
13.18
15.88
19.07
19.11
19.77
20.21
20.38
19.84
20.71
21.08
22.59
22.5
26.01
22.76
20.51
19.91
14.28
14.66
13.2
7.13
13.96
17.03
18.58
22.75
25.71
24.5
28.08
27.84
27.13
28.04
28.85
29.48
34.5
30.33
32.56
35.38
33.61
32.05
25.41
23.29
21.29
19.79
18.62
18.36
17.2
18.97
20.46
23.93
24.97
24.58
27.21
26.15
25.16
25.28
26.81
27.57
29.54
30.97
33.27
42.35
189.54
39.76
131.98
25
23.12
20.35
19.78
19.27
18.94
18.93
19.62
22.23
34.99
26.23
29.1
27.43
26.38
26.74
30.35
25.91
24.3
25.5
28.76
28.78
27.28
28.66
27.38
24.47
22.54
20.52
20.36
20.01
19.59
19.53
19.99
24.84
31.48
44.38
38.74
33.67
38.08
28.13
31.22
33.68
29.96
43.38
33.59
27.1
39.02
31.97
34.03
31.17
25.85
22.83
21.3
20.87
20.59
20.49
20.9
24.12
27.33
26.94
27.02
28.21
33.12
30.19
28.99
33.8
27.5
28.88
28.81
27.81
28.87
28.7
28.99
30.23
23.22
21.53
22.13
21.5
21.73
21.16
20.17
20.34
21.23
23.44
26.9
37.18
44.1
27.38
30.17
29.6
28.05
26.24
25.99
48.37
37.29
24.53
26.76
21.39
20.48
19.83
17.33
18.98
18.5
17.96
17.91
18.8
19.21
29.27
44.68
24.75
26.56
26.28
25.31
26.97
24.63
26.34
29.99
28.57
28.35
30.03
24.63
23.05
21.46
20.26
19.58
19.32
19.73
22.27
23.62
27.86
24.7
24.67
29.13
32.55
31.98
43.2
44.61
49.82
61.9
52.33
51.59
46.64
45.27
33.34
37.1
32.55
22.2
20.76
20.5
20.33
16.17
15.86
13.76
22.75
26.96
27.23
30.2
29.25
28
32.03
24.17
24
26.7
23.77
26.14
27.98
37.43
25.78
26.67
23.95
22.76
21.28
5.38
2.74
3.66
0.08
1.22
7.42
13.18
15.88
19.07
19.11
19.77
20.21
20.38
19.84
20.71
21.08
22.59
22.5
26.01
22.76
20.51
19.91
14.28
14.66