17.11
17.24
14.09
14.67
15.93
15.33
18.19
19.6
23.9
27.43
26.82
28.83
30.64
29.84
30.39
32.09
30.66
28.97
29.33
29.76
28.59
26.52
21.64
17.87
17.16
16.92
15.79
17.44
18.73
23.44
25.57
24.17
27.5
27.24
27.04
28.49
29.53
30.08
34.98
30.83
33.24
36.09
34.41
32.77
27.76
24.34
21.75
20.31
19.11
18.86
17.66
19.47
20.99
24.66
25.84
25.4
28.01
27.04
27.95
27.71
32.04
31.65
34.32
34.31
37.41
43.77
180.78
39.4
136.61
25.89
24.38
21.08
20.6
19.94
19.46
19.41
20.03
22.61
28.08
24.54
26.99
25.12
26.26
27.4
31.21
26.82
28.63
27.88
35.35
30.83
28.41
29.38
27.9
25.16
23.68
21.35
20.99
20.53
20.07
20.01
20.47
27.05
31.88
44.58
39.2
32.04
37.77
28.97
32.24
34.78
31.03
45.48
36.63
28.81
40.68
32.69
34.63
29.6
26.17
23.54
21.88
21.34
21.04
20.88
21.26
24.77
27.81
27.01
27.05
28.35
33.33
30.85
29.69
34.77
32.11
30.77
30.29
29.14
30.09
29.79
30.08
31
24.15
22.65
23.35
22.73
23.02
22.36
21.27
21.28
22.17
25.88
28.19
39.04
46.48
29.15
32.36
31.58
31.61
29.39
28.56
50.93
39.12
26.57
29.01
30.04
26.47
20.49
17.87
19.45
18.94
18.3
18.16
18.95
19.3
20.3
23.17
24.37
27.32
27.4
29.07
31.09
38.12
32.32
32.41
30.46
29.98
31.26
25.55
24.11
22.3
20.89
19.87
19.52
19.41
20.18
22.51
28.32
24.95
24.87
29.58
33.1
32.12
44.49
46.46
51.99
65.27
55.35
55.19
49.92
55.82
36.58
39.34
35.78
24.33
22.03
21.57
21.33
20.56
20.31
20.52
25.52
27.22
27.46
30.43
29.63
28.98
33.6
29.22
29.97
32.95
28.47
29.06
33.69
41.61
30.16
28.42
24.92
23.88
22.44
5.86
7.56
5.41
6.85
7.09
6.08
13.16
16.47
17.93
17.31
16.47
19.37
19.92
19.94
21.48
22.21
21.76
22.51
25.11
23.86
21.72
21.42
12.63
13.07
13.08
9.64
12.46
16.13
17.29
21.2
23.26
22.36
25.57
25.44
24.95
26.38
27.37
28.1
33.02
29.09
31.25
34.25
32.47
30.76
25.08
22.47
19.96
18.4
17.09
17.22
16.3
17.91
19.24
22.41
23.52
23.32
25.86
25.17
24.78
26.49
27.66
27.14
29.12
30.36
33.22
41.31
195.95
40.98
130.6
24.51
22.53
18.83
18.75
18.45
18.12
18.08
18.46
20.65
33.36
24.92
23.01
22.63
23.94
25.84
29.34
24.94
24.83
23.95
23.08
27.81
26.69
27.98
26.52
23.77
21.58
19.55
19.23
18.91
18.58
18.51
18.86
20.03
29.65
42.03
36.83
28.39
34.7
27.4
30.47
32.99
29.42
42.75
33.81
26.89
38.33
31.17
33.01
26.77
24.6
22.16
20.47
19.91
19.61
19.41
19.53
21.97
25.63
25.05
25.02
26.14
30.62
28.23
26.91
28.17
25.61
27.03
27.52
26.63
27.51
27.43
27.56
28.44
21.77
20.37
21.52
21.2
21.65
21.13
19.73
19.56
20.31
23.41
26.27
36.94
44.1
27.18
-4.42
-3.35
7.5
22.06
-15.79
48.6
37.47
13.94
-12.64
0.52
21.9
18.33
16
17.42
17.27
16.41
16.18
17.04
17.69
18.31
20.9
14.53
-20.87
12.16
24.27
27.23
28.04
27.96
30.67
29
28.68
7.47
1.5
17.5
20.1
18.72
17.86
17.23
16.65
11.95
17.48
-18.12
18.48
11.95
2.41
1.09
19.46
-14.78
-11.06
20.37
6.48
-20.84
-34.9
-33
-20.76
29.18
37.08
33.1
22.46
20.24
19.76
19.54
18.73
18.51
18.66
20.79
25.27
25.57
23.81
23.82
25.26
22.74
13.01
23.09
24.37
20.23
24.58
30.95
39.16
28.26
26.66
23.45
22.2
20.13
-0.37
-39.34
-3.53
-17.67
3.92
0.93
-6.2
3.23
16.29
16.74
17.45
17.82
17.86
18.38
20.56
25.08
26.62
25.7
24
24.5
21.3
24.31
12.52
14.03
12.6
6.63
12.75
16.28
17.69
21.56
25.65
22.89
26.24
26.52
26.41
27.84
28.75
29.72
35.08
30.82
34.56
36.29
34.44
32.64
25.94
23.49
20.79
18.92
17.89
18.24
20.34
19.47
19.98
23.15
24.43
24.03
26.89
27.49
27.6
26.25
27.34
31.16
35.4
34.6
34.57
44.46
206.48
43.4
139.11
26.12
23.51
20.16
19.47
19.06
18.77
18.75
19.24
21.68
33.06
27.07
26.34
25.09
25.56
26.89
30.38
25.85
26.6
25.82
28.79
29.11
27.63
29.13
27.62
24.55
22.17
19.89
19.57
19.29
18.98
18.92
19.32
19.19
30.81
44.13
38.79
35.7
39.9
28.53
31.64
34.24
30.48
44.26
34.24
27.39
39.83
32.6
34.49
31.9
26.03
22.71
20.97
20.37
20.07
19.9
20.09
22.73
26.79
26.47
26.82
27.67
32.62
29.79
28.3
27.57
26.55
28.23
28.33
27.34
28.28
28.36
28.51
29.68
22.41
20.75
21.62
21.22
21.6
21.04
19.8
19.69
20.45
23.14
26.41
37.13
44.59
27.54
3.94
4.72
11.67
22.37
-14.8
49.07
37.64
16.04
-3.77
4.31
21.33
19.09
12.12
18.17
7.84
17.3
17.17
17.81
18.16
18.46
19.95
16.58
-8.61
30.84
37.21
30.41
29.78
28.26
32.94
28.78
28.26
13.89
9.89
19.74
19.73
18.57
17.83
17.4
16.58
10.9
18.85
-12.57
20.21
13.2
8.42
9.48
22.66
1.81
14.38
42.1
16.51
2.29
-2.31
4.02
6.02
43.52
47.42
34.23
22.51
20.27
19.9
19.77
19.08
18.9
19.17
20.19
25.78
26.17
8.99
21.36
24.56
21.16
13.91
18.62
21.68
17.6
22.15
29.45
37.54
27.24
26.4
23
21.9
20.11
9.02
9.64
5.25
7.85
8.32
6.97
14.24
17.01
19.2
17.91
18.43
19.11
19.14
18.57
19.62
20.27
22.11
21.89
25.14
22.24
19.79
19.35
13.15
14.12