17.28
18.97
18.37
17.56
17.68
17.24
18.25
19.79
22.79
23.87
24.24
25.9
49.75
36.88
50.98
38.77
62.73
35.54
27.92
24.88
23.52
22.17
20.43
18.1
15.57
18.4
14.97
14.36
14.95
11.88
17.21
23.47
13.62
14.91
20.13
22.14
25.75
26.11
29.58
58.43
51.94
32.92
27.88
25.52
24.85
23.56
22.65
20.49
20.11
19.59
19.32
18.89
18.77
18.76
19.5
20.4
22.45
23.64
26.58
28.92
38.04
33.28
46.07
36.83
73.7
39.71
28.97
25.79
24.85
22.61
21.87
22.32
20.19
19.52
19.06
18.16
17.87
17.83
18.33
19.66
21.59
23.46
25.89
43.73
39.01
27.03
31.97
36.79
54.22
40.26
27.1
24.17
24.68
22.46
22.88
20.89
19.52
19
18.79
18.32
18.57
19.05
20.33
21.53
23.19
25.6
27.27
30.63
28.3
30.24
28.76
32.49
37.82
30.53
45.05
27.59
28.54
24.2
21.82
21.2
19.45
18.32
17.67
17.54
18.03
19.31
20.16
21.47
21.75
23.02
24.55
27.36
36.41
27.54
53.9
34.02
30.6
41.51
46.15
33.01
33.19
24.42
22.37
21.88
19.26
17.39
16.89
16.77
17.61
19.1
19.83
21.1
24.17
25.04
24.17
26.41
25.53
30.94
35.31
22.65
26.47
25.76
25.22
25.55
24.06
23.01
22.07
21
19.42
18.72
19.01
18.81
18.63
18.64
19.49
20.54
22.13
23.6
24.22
25.66
25.53
26.21
26.19
27.48
34.28
39.35
31.52
29.63
24.27
23.46
21.25
20.59
19.09
18.2
17.1
16.11
15.37
12.28
16.62
18.87
20.21
22.24
22.74
24.46
24.93
25.91
24.98
25.17
25.61
26.46
25.24
24.3
23.59
22.01
20.98
19.84
18.13
17.61
16.71
17.62
18.6
19.56
19.86
21.27
21.61
22.52
23.2
25.25
26.96
28.39
28.09
28.12
32.46
260.42
27.19
50.16
27.87
23.93
22.43
21.86
17.51
19.21
18.6
17.77
17.89
17.44
18.48
20.04
23.13
24.29
24.73
26.43
50.84
37.74
52.18
39.74
64.29
36.54
28.65
25.47
24.01
22.6
20.76
18.35
15.77
18.62
15.14
14.53
15.12
12.02
17.43
23.9
15.92
16.77
20.82
22.71
26.41
26.83
30.31
60.16
55.44
34.4
28.92
26.3
25.47
24.12
23.12
20.85
20.4
19.85
19.57
19.13
19.01
19
19.76
20.68
22.84
24.16
27.24
29.75
39.04
34.16
47.32
37.79
75.62
40.73
29.71
26.42
25.42
23.11
22.28
22.65
20.46
19.78
19.31
18.4
18.1
18.05
18.55
19.91
21.91
23.89
26.45
44.75
39.92
27.7
32.8
37.74
55.6
41.27
27.76
24.72
25.21
22.92
23.32
21.23
19.78
19.25
19.03
18.55
18.81
19.3
20.63
21.89
23.65
26.3
28.05
31.58
29.22
31.27
29.73
33.65
39.17
31.67
46.64
28.73
29.57
24.87
22.26
21.54
19.71
18.57
17.9
17.77
18.26
19.58
20.45
21.82
22.17
23.54
25.23
28.23
38.22
28.73
57.91
35.59
31.99
43.54
48.19
34.26
34.38
25.18
22.96
22.38
19.57
17.64
17.12
17
17.85
19.37
20.11
21.45
24.96
26.07
24.87
27.28
26.67
31.97
36.52
25.72
27.81
26.64
26.05
26.32
24.72
23.6
22.58
21.41
19.74
19.03
19.32
19.11
18.91
18.91
19.77
20.87
22.54
24.11
24.8
26.31
26.21
26.93
26.93
28.27
35.34
40.56
32.45
30.43
24.87
24
21.68
20.91
19.37
18.47
17.34
16.34
15.59
12.46
16.85
19.14
20.53
22.63
23.21
25.03
25.56
26.56
25.65
25.85
26.31
27.2
25.93
24.93
24.18
22.55
21.41
20.18
18.43
17.89
16.97
17.89
18.89
19.9
20.2
21.66
22.09
23.1
23.91
26.11
27.94
29.63
29.49
29.56
34.39
270.8
28.31
52.02
28.86
24.71
23.05
22.35
21.28
20.68
19.64
18.87
18.72
18.21
19.25
20.96
24.37
25.69
25.96
27.53
53.27
39.14
55.24
42.15
77.9
83.58
74.92
53.11
26.49
24.39
22.77
21.97
20.53
19.42
17.35
15.02
15.61
12.42
18.05
22.47
22.72
24.75
25.52
26.83
36.57
38.75
33.81
84.08
135.02
47.11
31.59
28.99
26.97
25.46
24.88
22.09
21.51
20.78
20.36
19.88
19.78
19.82
20.64
21.67
23.99
33.85
44.74
34.52
40.72
37.05
69.67
39.46
78.78
42.44
31.81
28.5
43.34
27.16
24.09
23.88
21.52
20.7
20.14
19.15
18.88
18.9
19.37
20.86
23.13
25.29
28.07
46.79
41.63
31.93
47.11
43.04
58.43
43.88
29.22
26.7
27.23
24.87
25.11
22.38
20.7
20.13
19.8
19.27
19.6
20.24
21.58
23.03
25.09
27.89
30
34.08
31.6
33.81
32.32
36.69
42.48
34.33
50.37
30.64
31.71
26.71
23.8
22.88
20.84
19.46
18.6
18.41
18.89
20.35
21.3
22.87
23.38
24.99
28
30.39
40.05
31.03
58.32
39.63
35.82
43.7
48.82
35.52
34.22
26.69
24.27
23.71
20.55
18.42
17.78
17.63
18.55
20.17
21.03
22.51
26.82
28.39
28.73
28.87
29.38
33.84
38.56
34.64
30.72
27.94
27.3
27.39
25.71
24.55
23.52
22.27
20.5
19.67
19.86
19.59
19.45
19.56
20.51
21.7
23.6
25.31
25.98
27.39
27.18
27.87
27.84
29.22
36.42
41.6
33.44
29.86
25.95
25.11
22.75
21.59
20.17
19.13
17.96
16.9
16.09
12.87
17.48
19.99
21.53
23.81
24.46
26.39
27.81
27.87
26.87
26.97
27.22
28.04
26.69
25.68
25.02
23.49
22.29
20.9
19.03
18.4
17.38
18.33
19.34
20.56
20.87
22.46
22.93
24.09
25.09
27.62
29.46
31.15
30.91
30.52
35.15
283.85
34.02
51.64
29.6
25.59
24.1
23.24
20.92
20.35
19.39
18.64
18.53
18.03
19.09
20.76
23.97
25.02
25.24
26.93
51.95
38.41
53.41
40.57
65.45
35.95
28.7
25.67
24.02
23.06
22.08
21.44